time	V(vo)
0.000000000000000e+000	9.000092e-001
9.999999960041972e-012	8.997656e-001
1.999999992008394e-011	8.995689e-001
3.999999984016789e-011	8.993559e-001
7.999999968033578e-011	8.993834e-001
1.599999993606716e-010	9.000374e-001
2.716720785820240e-010	9.010056e-001
3.984676872439330e-010	9.017286e-001
4.817613385248003e-010	9.019620e-001
5.788338388037600e-010	9.020863e-001
6.536723542392668e-010	9.021258e-001
7.361835397298589e-010	9.020084e-001
7.919961915833282e-010	9.016244e-001
8.493639601045414e-010	9.006895e-001
9.091026195794293e-010	8.992103e-001
9.447555074111118e-010	8.982607e-001
1.000000000000000e-009	8.969032e-001
1.005524449258889e-009	8.971993e-001
1.016573347776667e-009	8.978468e-001
1.038671144812222e-009	8.989291e-001
1.073538211063925e-009	8.996761e-001
1.121522015443239e-009	8.993433e-001
1.169354275611796e-009	8.984596e-001
1.218090517978152e-009	8.979412e-001
1.274103241115253e-009	8.982552e-001
1.338276458901006e-009	8.993617e-001
1.403046426739763e-009	9.006476e-001
1.482561676524930e-009	9.019346e-001
1.562334314280124e-009	9.027048e-001
1.644048002595210e-009	9.029220e-001
1.736043351161895e-009	9.027259e-001
1.819474274387101e-009	9.023848e-001
1.920723178700600e-009	9.019249e-001
2.033472511195112e-009	9.013593e-001
2.186088134745563e-009	9.004073e-001
2.373210893617607e-009	8.989284e-001
2.649973020742241e-009	8.964592e-001
3.063678001961649e-009	8.929835e-001
3.374001816794288e-009	8.908618e-001
3.695702005475481e-009	8.879954e-001
4.068276410892580e-009	8.836420e-001
4.517315011180504e-009	8.804629e-001
4.968176883694791e-009	8.794399e-001
5.451161579131848e-009	8.784418e-001
6.302461417139487e-009	8.769247e-001
7.666775902170841e-009	8.753521e-001
8.984135009799057e-009	8.744162e-001
1.041368257338569e-008	8.739246e-001
1.198514973328978e-008	8.735918e-001
1.421268907259432e-008	8.731841e-001
1.719282227535742e-008	8.724918e-001
2.080231545469882e-008	8.715110e-001
2.581976714341062e-008	8.700108e-001
3.480697804665368e-008	8.672381e-001
5.278139985313979e-008	8.616287e-001
7.739230135085264e-008	8.539414e-001
2.576648589813049e-007	7.977040e-001
3.893803602963695e-007	7.566931e-001
6.045444735916380e-007	6.899916e-001
1.014415011981567e-006	5.657175e-001
1.574213873133679e-006	4.127030e-001
2.137684889562488e-006	2.961583e-001
2.728311417696299e-006	2.189582e-001
3.328444228196478e-006	1.729521e-001
4.032434718398524e-006	1.395979e-001
4.286141329283406e-006	1.325244e-001
4.570376782028914e-006	1.292145e-001
4.666998897919437e-006	1.290938e-001
4.783862534228569e-006	1.294271e-001
4.860530219636006e-006	1.295206e-001
4.953477377229302e-006	1.295125e-001
5.048868967277741e-006	1.294822e-001
5.185553080213804e-006	1.294604e-001
5.365182825841159e-006	1.294597e-001
4.856449257893612e-004	1.294633e-001
4.921885000000000e-004	1.294631e-001
4.921895000000000e-004	1.294639e-001
4.921915000000001e-004	1.294648e-001
4.921955000000001e-004	1.294635e-001
4.922035000000003e-004	1.294632e-001
4.922195000000005e-004	1.294628e-001
4.923155000000020e-004	1.294622e-001
4.942355000000323e-004	1.294617e-001
4.962835000000645e-004	1.294609e-001
4.962865000000645e-004	1.294619e-001
4.962905000000646e-004	1.294617e-001
4.962985000000647e-004	1.294618e-001
4.965887857143550e-004	1.294616e-001
4.968790714286453e-004	1.294616e-001
4.971693571429356e-004	1.294616e-001
4.974596428572259e-004	1.294616e-001
4.977499285715161e-004	1.294617e-001
4.980402142858065e-004	1.294619e-001
4.983305000000967e-004	1.294621e-001
4.983335000000968e-004	1.294615e-001
4.983375000000968e-004	1.294616e-001
4.983455000000970e-004	1.294616e-001
4.984895000000992e-004	1.294615e-001
4.986335000001015e-004	1.294616e-001
4.987775000001038e-004	1.294616e-001
4.989215000001060e-004	1.294617e-001
4.990655000001083e-004	1.294618e-001
4.992095000001106e-004	1.294619e-001
4.993535000001128e-004	1.294620e-001
4.993565000001129e-004	1.294615e-001
4.993605000001129e-004	1.294616e-001
4.996085000001169e-004	1.294616e-001
4.997449999999960e-004	1.294612e-001
4.997479999999960e-004	1.294617e-001
4.997519999999961e-004	1.294615e-001
4.998079999999970e-004	1.294616e-001
4.998719999999980e-004	1.294619e-001
4.998749999999980e-004	1.294615e-001
4.998789999999981e-004	1.294616e-001
4.999369999999990e-004	1.294617e-001
4.999409999999991e-004	1.294616e-001
4.999472857142849e-004	1.294616e-001
4.999535714285707e-004	1.294617e-001
4.999598571428565e-004	1.294617e-001
4.999661428571424e-004	1.294617e-001
4.999724285714281e-004	1.294616e-001
4.999787142857140e-004	1.294615e-001
4.999849999999998e-004	1.294614e-001
4.999879999999998e-004	1.294616e-001
4.999929999999999e-004	1.294617e-001
4.999970000000000e-004	1.294615e-001
5.000000000000000e-004	1.294616e-001
5.000010000000000e-004	1.294558e-001
5.000010057895507e-004	1.295180e-001
5.000010173686520e-004	1.296098e-001
5.000010405268546e-004	1.296797e-001
5.000010696093712e-004	1.296491e-001
5.000011130021145e-004	1.295286e-001
5.000011714927338e-004	1.293713e-001
5.000012347598338e-004	1.292601e-001
5.000012885049807e-004	1.292225e-001
5.000013490764959e-004	1.291953e-001
5.000014392063163e-004	1.291388e-001
5.000015417232922e-004	1.290772e-001
5.000016465876685e-004	1.290268e-001
5.000017451100039e-004	1.290061e-001
5.000018570511252e-004	1.290220e-001
5.000018774825730e-004	1.290284e-001
5.000019183454685e-004	1.290420e-001
5.000020000000000e-004	1.290731e-001
5.000020046430880e-004	1.290533e-001
5.000020139292639e-004	1.290296e-001
5.000020325016158e-004	1.290272e-001
5.000020696463196e-004	1.290674e-001
5.000021439357271e-004	1.291395e-001
5.000022081640362e-004	1.291755e-001
5.000022802202333e-004	1.291970e-001
5.000023625752166e-004	1.292116e-001
5.000024438413907e-004	1.292193e-001
5.000025319529071e-004	1.292225e-001
5.000026191236929e-004	1.292214e-001
5.000027043067456e-004	1.292176e-001
5.000028155376041e-004	1.292095e-001
5.000029342902382e-004	1.291983e-001
5.000030900433463e-004	1.291821e-001
5.000032742546032e-004	1.291619e-001
5.000035579241658e-004	1.291316e-001
5.000039238441997e-004	1.290976e-001
5.000043705304834e-004	1.290682e-001
5.000049638915993e-004	1.290538e-001
5.000058689583687e-004	1.290884e-001
5.000075145233363e-004	1.293067e-001
5.000101915550223e-004	1.300082e-001
5.000131392066172e-004	1.311948e-001
5.000158372619943e-004	1.324823e-001
5.000183250279293e-004	1.335554e-001
5.000207755763536e-004	1.343568e-001
5.000229082790640e-004	1.348706e-001
5.000254178580052e-004	1.353482e-001
5.000280601708993e-004	1.357866e-001
5.000318363482829e-004	1.363695e-001
5.000365523130216e-004	1.370813e-001
5.000443364703955e-004	1.382595e-001
5.000580830659274e-004	1.403732e-001
5.000855762569909e-004	1.446991e-001
5.001329936503870e-004	1.522790e-001
5.002278284371793e-004	1.668000e-001
5.003154429574434e-004	1.772777e-001
5.004083208890077e-004	1.835113e-001
5.004548341598170e-004	1.845543e-001
5.004969079052896e-004	1.846291e-001
5.005457298227514e-004	1.845958e-001
5.006057074268534e-004	1.845409e-001
5.006726284893979e-004	1.845037e-001
5.007523662394093e-004	1.844891e-001
5.010172567863501e-004	1.844861e-001
9.921884999999999e-004	1.844862e-001
9.999990000000001e-004	1.844862e-001
1.000000000000000e-003	1.844867e-001
1.000000004619757e-003	1.844667e-001
1.000000013859271e-003	1.844380e-001
1.000000032338299e-003	1.844199e-001
1.000000069296356e-003	1.844364e-001
1.000000138955736e-003	1.844831e-001
1.000000251040456e-003	1.845393e-001
1.000000402324655e-003	1.846030e-001
1.000000492123351e-003	1.846382e-001
1.000000580695985e-003	1.846711e-001
1.000000653092146e-003	1.846960e-001
1.000000732829074e-003	1.847073e-001
1.000000790280695e-003	1.846804e-001
1.000000845956906e-003	1.846327e-001
1.000000906212651e-003	1.845960e-001
1.000000931923098e-003	1.845677e-001
1.000000948579106e-003	1.845348e-001
1.000000966687984e-003	1.844989e-001
1.000001000000000e-003	1.844393e-001
1.000001003331202e-003	1.845173e-001
1.000001009993605e-003	1.846696e-001
1.000001023318411e-003	1.848739e-001
1.000001049968024e-003	1.849863e-001
1.000001083736790e-003	1.848532e-001
1.000001122820266e-003	1.845702e-001
1.000001171831243e-003	1.842427e-001
1.000001223434465e-003	1.840346e-001
1.000001270040752e-003	1.839875e-001
1.000001320943558e-003	1.839926e-001
1.000001393269912e-003	1.839902e-001
1.000001469220074e-003	1.840010e-001
1.000001551057242e-003	1.840236e-001
1.000001631118623e-003	1.840389e-001
1.000001712332990e-003	1.840602e-001
1.000001800473557e-003	1.841132e-001
1.000001899968842e-003	1.841955e-001
1.000002000000000e-003	1.842798e-001
1.000002004523552e-003	1.842662e-001
1.000002013570655e-003	1.842490e-001
1.000002031664861e-003	1.842523e-001
1.000002067853273e-003	1.843086e-001
1.000002140230098e-003	1.844251e-001
1.000002200211484e-003	1.844915e-001
1.000002272884007e-003	1.845427e-001
1.000002343220751e-003	1.845781e-001
1.000002434363015e-003	1.846105e-001
1.000002501074684e-003	1.846257e-001
1.000002568074007e-003	1.846328e-001
1.000002637007514e-003	1.846332e-001
1.000002733813399e-003	1.846246e-001
1.000002844457203e-003	1.846058e-001
1.000002968999445e-003	1.845771e-001
1.000003122052609e-003	1.845364e-001
1.000003348861514e-003	1.844746e-001
1.000003724791186e-003	1.843829e-001
1.000004073426091e-003	1.843249e-001
1.000004586519676e-003	1.843015e-001
1.000005200114888e-003	1.843825e-001
1.000006396564338e-003	1.848500e-001
1.000008316346995e-003	1.862701e-001
1.000011013115531e-003	1.893570e-001
1.000013749340193e-003	1.934228e-001
1.000016186391055e-003	1.972733e-001
1.000018838995737e-003	2.008276e-001
1.000021732892693e-003	2.036021e-001
1.000023764366028e-003	2.048809e-001
1.000026077165027e-003	2.058566e-001
1.000028555370483e-003	2.066532e-001
1.000031949477261e-003	2.075693e-001
1.000036082912236e-003	2.086142e-001
1.000042553485259e-003	2.102435e-001
1.000055183662488e-003	2.134240e-001
1.000070841565993e-003	2.172308e-001
1.000091437865080e-003	2.217272e-001
1.000132630463252e-003	2.282702e-001
1.000215015659597e-003	2.354505e-001
1.000256799682744e-003	2.367700e-001
1.000301573848569e-003	2.369583e-001
1.000349370747203e-003	2.370246e-001
1.000412286605223e-003	2.370378e-001
1.000489995267964e-003	2.370400e-001
1.000569910880445e-003	2.370380e-001
1.000680141806124e-003	2.370361e-001
1.001061720646798e-003	2.370355e-001
1.500000000000000e-003	2.370355e-001
1.500001000000000e-003	2.370359e-001
1.500001005804940e-003	2.371170e-001
1.500001017414820e-003	2.372556e-001
1.500001040634581e-003	2.374082e-001
1.500001069799027e-003	2.374091e-001
1.500001113398593e-003	2.372160e-001
1.500001171615248e-003	2.368969e-001
1.500001235197838e-003	2.366360e-001
1.500001289181111e-003	2.365365e-001
1.500001349663720e-003	2.364846e-001
1.500001439996998e-003	2.363964e-001
1.500001543074551e-003	2.363055e-001
1.500001644888042e-003	2.362508e-001
1.500001742292843e-003	2.362594e-001
1.500001854008491e-003	2.363532e-001
1.500001877886301e-003	2.363850e-001
1.500001925641919e-003	2.364548e-001
1.500002000000000e-003	2.365627e-001
1.500002004643324e-003	2.365419e-001
1.500002013929971e-003	2.365150e-001
1.500002032503266e-003	2.365150e-001
1.500002069649856e-003	2.365944e-001
1.500002143943035e-003	2.367767e-001
1.500002208276125e-003	2.368889e-001
1.500002280250655e-003	2.369640e-001
1.500002362554765e-003	2.370212e-001
1.500002443824451e-003	2.370638e-001
1.500002531969861e-003	2.371041e-001
1.500002619134952e-003	2.371428e-001
1.500002704245454e-003	2.371817e-001
1.500002815344142e-003	2.372324e-001
1.500002934104444e-003	2.372862e-001
1.500003089753870e-003	2.373611e-001
1.500003274007666e-003	2.374621e-001
1.500003557599517e-003	2.376476e-001
1.500003923444974e-003	2.379426e-001
1.500004369862683e-003	2.383965e-001
1.500004962939066e-003	2.391694e-001
1.500005867194556e-003	2.407311e-001
1.500007511091140e-003	2.445285e-001
1.500009819345489e-003	2.512581e-001
1.500011958167751e-003	2.582575e-001
1.500013971030824e-003	2.644645e-001
1.500016147425591e-003	2.697806e-001
1.500017855846636e-003	2.726918e-001
1.500019340095814e-003	2.743048e-001
1.500021114370095e-003	2.754979e-001
1.500023019485613e-003	2.762610e-001
1.500025342031797e-003	2.768020e-001
1.500028052280235e-003	2.772425e-001
1.500031701717838e-003	2.778400e-001
1.500036944475531e-003	2.789039e-001
1.500044647089341e-003	2.807180e-001
1.500053511801879e-003	2.828008e-001
1.500063564378010e-003	2.848324e-001
1.500081581438266e-003	2.874702e-001
1.500116596792961e-003	2.904070e-001
1.500159256780733e-003	2.918748e-001
1.500203873807846e-003	2.923164e-001
1.500254632922545e-003	2.924751e-001
1.500311562656206e-003	2.925287e-001
1.500385713826105e-003	2.925510e-001
1.500472800120025e-003	2.925618e-001
1.500559652251091e-003	2.925637e-001
1.500711189020302e-003	2.925662e-001
1.501184343187997e-003	2.925664e-001
1.994321194568316e-003	2.925663e-001
1.997169120659403e-003	2.925666e-001
1.997197120659401e-003	2.925656e-001
1.999999000000000e-003	2.925663e-001
2.000000000000000e-003	2.925662e-001
2.000000004585625e-003	2.925170e-001
2.000000013756875e-003	2.924378e-001
2.000000032099374e-003	2.923679e-001
2.000000068784372e-003	2.923886e-001
2.000000138364355e-003	2.925402e-001
2.000000247536928e-003	2.927523e-001
2.000000399866211e-003	2.929757e-001
2.000000491483565e-003	2.930841e-001
2.000000580839836e-003	2.931722e-001
2.000000653772309e-003	2.932292e-001
2.000000733949730e-003	2.932392e-001
2.000000789559227e-003	2.931400e-001
2.000000845433162e-003	2.929313e-001
2.000000904744167e-003	2.926916e-001
2.000000934270843e-003	2.925597e-001
2.000000993324194e-003	2.922486e-001
2.000001000000000e-003	2.922149e-001
2.000001001411172e-003	2.922553e-001
2.000001004233516e-003	2.923656e-001
2.000001009878203e-003	2.926099e-001
2.000001021167579e-003	2.930003e-001
2.000001043746329e-003	2.933853e-001
2.000001077360065e-003	2.933193e-001
2.000001120134863e-003	2.926906e-001
2.000001166847176e-003	2.918847e-001
2.000001209076691e-003	2.914231e-001
2.000001261448862e-003	2.912794e-001
2.000001312031968e-003	2.913401e-001
2.000001376441145e-003	2.914740e-001
2.000001448899926e-003	2.916643e-001
2.000001530473471e-003	2.919092e-001
2.000001613797960e-003	2.921185e-001
2.000001691230437e-003	2.922622e-001
2.000001780141494e-003	2.924215e-001
2.000001873067802e-003	2.925906e-001
2.000001990387223e-003	2.927653e-001
2.000002000000000e-003	2.927764e-001
2.000002000764097e-003	2.927741e-001
2.000002002292293e-003	2.927676e-001
2.000002005348683e-003	2.927532e-001
2.000002011461464e-003	2.927328e-001
2.000002023687027e-003	2.927224e-001
2.000002048138151e-003	2.927601e-001
2.000002097040401e-003	2.928731e-001
2.000002170369072e-003	2.929780e-001
2.000002232393326e-003	2.929958e-001
2.000002298908881e-003	2.929724e-001
2.000002371747735e-003	2.929277e-001
2.000002441294347e-003	2.928704e-001
2.000002496574427e-003	2.928141e-001
2.000002559413746e-003	2.927386e-001
2.000002644696312e-003	2.926228e-001
2.000002739377931e-003	2.924800e-001
2.000002852813877e-003	2.922912e-001
2.000002979218818e-003	2.920661e-001
2.000003142770443e-003	2.917683e-001
2.000003362084116e-003	2.913808e-001
2.000003724340262e-003	2.907971e-001
2.000004096329579e-003	2.903015e-001
2.000004596762251e-003	2.898275e-001
2.000005220529704e-003	2.895559e-001
2.000006346526727e-003	2.898687e-001
2.000008254998589e-003	2.921094e-001
2.000010608440634e-003	2.972378e-001
2.000013081478256e-003	3.049400e-001
2.000015894299857e-003	3.151574e-001
2.000018716111305e-003	3.248530e-001
2.000021402176427e-003	3.316006e-001
2.000024640771184e-003	3.360788e-001
2.000026944163505e-003	3.371720e-001
2.000029725870921e-003	3.369433e-001
2.000032307614697e-003	3.362190e-001
2.000036042879213e-003	3.351437e-001
2.000040389813444e-003	3.344906e-001
2.000048497915911e-003	3.345620e-001
2.000056171982379e-003	3.352402e-001
2.000064916471484e-003	3.359489e-001
2.000075273791862e-003	3.363380e-001
2.000093067968770e-003	3.366382e-001
2.000111490539018e-003	3.368647e-001
2.000148335679517e-003	3.371325e-001
2.000195941188560e-003	3.372876e-001
2.000258759895480e-003	3.373779e-001
2.000338580841559e-003	3.374234e-001
2.000414989244690e-003	3.374385e-001
2.000527340427672e-003	3.374448e-001
2.000645468914834e-003	3.374461e-001
2.001607178083491e-003	3.374475e-001
2.500000000000000e-003	3.374473e-001
2.500001000000000e-003	3.374476e-001
2.500001005807364e-003	3.375444e-001
2.500001017422093e-003	3.377217e-001
2.500001040651550e-003	3.379506e-001
2.500001069830282e-003	3.379960e-001
2.500001113445834e-003	3.377514e-001
2.500001171790979e-003	3.372614e-001
2.500001235388253e-003	3.368243e-001
2.500001289347199e-003	3.366551e-001
2.500001349894436e-003	3.366001e-001
2.500001440369408e-003	3.365333e-001
2.500001543604829e-003	3.364655e-001
2.500001646129743e-003	3.364483e-001
2.500001743997890e-003	3.365260e-001
2.500001855557560e-003	3.367397e-001
2.500001877846280e-003	3.368002e-001
2.500001922423719e-003	3.369315e-001
2.500002000000000e-003	3.371545e-001
2.500002004643792e-003	3.371350e-001
2.500002013931375e-003	3.371102e-001
2.500002032506540e-003	3.371193e-001
2.500002069656872e-003	3.372442e-001
2.500002143957534e-003	3.375587e-001
2.500002208331819e-003	3.377789e-001
2.500002280301162e-003	3.379422e-001
2.500002362784334e-003	3.380717e-001
2.500002444059235e-003	3.381726e-001
2.500002532122781e-003	3.382692e-001
2.500002619380594e-003	3.383594e-001
2.500002704673676e-003	3.384462e-001
2.500002815924454e-003	3.385592e-001
2.500002934714830e-003	3.386818e-001
2.500003090586397e-003	3.388539e-001
2.500003274963770e-003	3.390826e-001
2.500003559027737e-003	3.394942e-001
2.500003924984021e-003	3.401327e-001
2.500004372194618e-003	3.410940e-001
2.500004965988685e-003	3.426925e-001
2.500005872826912e-003	3.458288e-001
2.500007521377350e-003	3.530563e-001
2.500009606746590e-003	3.638522e-001
2.500011552288897e-003	3.744271e-001
2.500013381918712e-003	3.832808e-001
2.500015360686237e-003	3.903635e-001
2.500017284103635e-003	3.946284e-001
2.500018618981708e-003	3.960333e-001
2.500020134751190e-003	3.963581e-001
2.500021762163220e-003	3.958454e-001
2.500023740295349e-003	3.945742e-001
2.500026010910962e-003	3.928790e-001
2.500028892811830e-003	3.910386e-001
2.500032581859849e-003	3.897544e-001
2.500038678103325e-003	3.895344e-001
2.500043912430504e-003	3.902955e-001
2.500049904203095e-003	3.912856e-001
2.500056021458536e-003	3.917677e-001
2.500066290398554e-003	3.919263e-001
2.500077312390261e-003	3.920433e-001
2.500091976396171e-003	3.922795e-001
2.500121304407992e-003	3.925771e-001
2.500148587094263e-003	3.927065e-001
2.500203152466804e-003	3.928550e-001
2.500270885030480e-003	3.929359e-001
2.500344135676756e-003	3.929695e-001
2.500444524887133e-003	3.929868e-001
2.500536175425255e-003	3.929908e-001
2.500696009669832e-003	3.929948e-001
2.501195170506648e-003	3.929954e-001
2.984628019393544e-003	3.929952e-001
2.992441519393544e-003	3.929926e-001
2.992447519393543e-003	3.929891e-001
2.992503519393538e-003	3.929957e-001
2.999999000000000e-003	3.929952e-001
3.000000000000000e-003	3.929949e-001
3.000000004620315e-003	3.929672e-001
3.000000013860945e-003	3.929201e-001
3.000000032342204e-003	3.928719e-001
3.000000069304723e-003	3.928739e-001
3.000000139026618e-003	3.929719e-001
3.000000251186476e-003	3.931292e-001
3.000000402358542e-003	3.932737e-001
3.000000492069504e-003	3.933299e-001
3.000000580643017e-003	3.933705e-001
3.000000653032849e-003	3.933944e-001
3.000000732779688e-003	3.933845e-001
3.000000790274590e-003	3.932999e-001
3.000000845980514e-003	3.931531e-001
3.000000906265711e-003	3.930066e-001
3.000000931955870e-003	3.929361e-001
3.000000948619682e-003	3.928685e-001
3.000000966672376e-003	3.927851e-001
3.000001000000000e-003	3.926319e-001
3.000001003332762e-003	3.927308e-001
3.000001009998287e-003	3.929482e-001
3.000001023329337e-003	3.933224e-001
3.000001049991435e-003	3.937168e-001
3.000001084197093e-003	3.936697e-001
3.000001123610555e-003	3.931215e-001
3.000001172676770e-003	3.922386e-001
3.000001224197128e-003	3.915369e-001
3.000001270590061e-003	3.913071e-001
3.000001321666843e-003	3.913574e-001
3.000001394408747e-003	3.915329e-001
3.000001470578666e-003	3.917230e-001
3.000001552496049e-003	3.919066e-001
3.000001632546997e-003	3.920405e-001
3.000001714081064e-003	3.921639e-001
3.000001802175515e-003	3.923543e-001
3.000001902135566e-003	3.926271e-001
3.000002000000000e-003	3.928954e-001
3.000002004523369e-003	3.928810e-001
3.000002013570106e-003	3.928609e-001
3.000002031663581e-003	3.928658e-001
3.000002067850532e-003	3.929679e-001
3.000002140224433e-003	3.932359e-001
3.000002200302155e-003	3.934052e-001
3.000002272916589e-003	3.935101e-001
3.000002343343793e-003	3.935484e-001
3.000002434516366e-003	3.935602e-001
3.000002501266517e-003	3.935587e-001
3.000002568372313e-003	3.935518e-001
3.000002637393258e-003	3.935423e-001
3.000002734261087e-003	3.935255e-001
3.000002844953336e-003	3.935013e-001
3.000002969600217e-003	3.934725e-001
3.000003122915952e-003	3.934483e-001
3.000003350090872e-003	3.934563e-001
3.000003725552032e-003	3.935809e-001
3.000004074716429e-003	3.938505e-001
3.000004587870850e-003	3.945396e-001
3.000005202835900e-003	3.958442e-001
3.000006399895559e-003	3.996862e-001
3.000008325758108e-003	4.081898e-001
3.000010460971462e-003	4.197072e-001
3.000012410241074e-003	4.308151e-001
3.000014216826339e-003	4.399995e-001
3.000016163673674e-003	4.473071e-001
3.000018241563363e-003	4.521000e-001
3.000019447250188e-003	4.533471e-001
3.000020807868861e-003	4.534453e-001
3.000022349753667e-003	4.526117e-001
3.000024149138203e-003	4.508874e-001
3.000026246974686e-003	4.485056e-001
3.000028780569045e-003	4.458428e-001
3.000031937526844e-003	4.435720e-001
3.000036349897791e-003	4.422923e-001
3.000040260049674e-003	4.425579e-001
3.000044448076708e-003	4.435717e-001
3.000049451953997e-003	4.446133e-001
3.000055195517331e-003	4.450763e-001
3.000063283532154e-003	4.449817e-001
3.000072813845248e-003	4.448254e-001
3.000083116372261e-003	4.449334e-001
3.000099409015169e-003	4.451674e-001
3.000116566124944e-003	4.452530e-001
3.000150880344493e-003	4.453552e-001
3.000191571682286e-003	4.454524e-001
3.000250779550210e-003	4.455076e-001
3.000345420857966e-003	4.455544e-001
3.000432555739523e-003	4.455710e-001
3.000544222931096e-003	4.455762e-001
3.000704778173037e-003	4.455784e-001
3.015109382569891e-003	4.455787e-001
3.029513986966746e-003	4.455788e-001
3.043918591363601e-003	4.455790e-001
3.058323195760456e-003	4.455790e-001
3.072727800157310e-003	4.455790e-001
3.087132404554165e-003	4.455790e-001
3.101537008951020e-003	4.455789e-001
3.484349508951020e-003	4.455789e-001
3.492188500000000e-003	4.455767e-001
3.492665338881638e-003	4.455781e-001
3.493142177763276e-003	4.455791e-001
3.493619016644914e-003	4.455797e-001
3.494095855526552e-003	4.455800e-001
3.494572694408189e-003	4.455800e-001
3.495049533289827e-003	4.455796e-001
3.495526372171465e-003	4.455789e-001
3.497836452881780e-003	4.455798e-001
3.497909024310345e-003	4.455793e-001
3.497981595738909e-003	4.455789e-001
3.498054167167474e-003	4.455787e-001
3.498126738596039e-003	4.455785e-001
3.498199310024604e-003	4.455785e-001
3.498271881453168e-003	4.455787e-001
3.498344452881733e-003	4.455789e-001
3.499999890947617e-003	4.455789e-001
3.500001000000000e-003	4.455793e-001
3.500001006400437e-003	4.457004e-001
3.500001019201312e-003	4.459285e-001
3.500001044803060e-003	4.462474e-001
3.500001073136938e-003	4.463170e-001
3.500001122910607e-003	4.459440e-001
3.500001187798934e-003	4.451746e-001
3.500001247458927e-003	4.445813e-001
3.500001294225305e-003	4.443807e-001
3.500001356129311e-003	4.443513e-001
3.500001460324186e-003	4.443679e-001
3.500001567840058e-003	4.443804e-001
3.500001661176942e-003	4.444304e-001
3.500001761243739e-003	4.446130e-001
3.500001868393928e-003	4.449824e-001
3.500002000000000e-003	4.455565e-001
3.500002004624362e-003	4.455399e-001
3.500002013873084e-003	4.455182e-001
3.500002032370529e-003	4.455317e-001
3.500002069365420e-003	4.456815e-001
3.500002143355201e-003	4.460826e-001
3.500002207494300e-003	4.463701e-001
3.500002279743533e-003	4.465646e-001
3.500002362944174e-003	4.466885e-001
3.500002444628547e-003	4.467821e-001
3.500002532584770e-003	4.468978e-001
3.500002620229354e-003	4.470406e-001
3.500002705844199e-003	4.472032e-001
3.500002816826651e-003	4.474285e-001
3.500002935762564e-003	4.476763e-001
3.500003091919491e-003	4.480222e-001
3.500003277198229e-003	4.484801e-001
3.500003562960936e-003	4.492871e-001
3.500003928722140e-003	4.504851e-001
3.500004377662055e-003	4.522159e-001
3.500004972521982e-003	4.549499e-001
3.500005885537489e-003	4.600241e-001
3.500007542106131e-003	4.708032e-001
3.500009209445641e-003	4.826119e-001
3.500010527653067e-003	4.918572e-001
3.500011727840063e-003	4.993334e-001
3.500012944871780e-003	5.053295e-001
3.500014404790309e-003	5.104464e-001
3.500015411920411e-003	5.125804e-001
3.500016519272966e-003	5.135451e-001
3.500017730230408e-003	5.134436e-001
3.500018896987187e-003	5.124696e-001
3.500019940473384e-003	5.110346e-001
3.500021053480963e-003	5.091282e-001
3.500022177055554e-003	5.070250e-001
3.500023885716177e-003	5.038636e-001
3.500025857154243e-003	5.007392e-001
3.500028579236301e-003	4.978548e-001
3.500032111997451e-003	4.962998e-001
3.500034777875569e-003	4.965963e-001
3.500037468066073e-003	4.978232e-001
3.500040755891485e-003	4.995340e-001
3.500044259249933e-003	5.008464e-001
3.500048682246214e-003	5.014254e-001
3.500053410783944e-003	5.011216e-001
3.500058724762819e-003	5.004869e-001
3.500064525599127e-003	5.002038e-001
3.500072705833330e-003	5.004454e-001
3.500081609283198e-003	5.007658e-001
3.500091759769154e-003	5.008253e-001
3.500106843391009e-003	5.007887e-001
3.500122986188951e-003	5.008661e-001
3.500179850861050e-003	5.009999e-001
3.500237270283208e-003	5.010672e-001
3.500317742641743e-003	5.011019e-001
3.500399266433600e-003	5.011177e-001
3.500506665544318e-003	5.011260e-001
3.500621701252132e-003	5.011271e-001
3.501065424684949e-003	5.011286e-001
3.995690115327542e-003	5.011292e-001
3.997305654017374e-003	5.011135e-001
3.997311654017376e-003	5.011151e-001
3.997319654017379e-003	5.011246e-001
3.997335654017384e-003	5.011314e-001
3.999999000000000e-003	5.011292e-001
4.000000000000000e-003	5.011289e-001
4.000000004509815e-003	5.010409e-001
4.000000013529447e-003	5.008854e-001
4.000000031568709e-003	5.007075e-001
4.000000067647233e-003	5.006798e-001
4.000000136612551e-003	5.010201e-001
4.000000240904093e-003	5.015984e-001
4.000000395266270e-003	5.021629e-001
4.000000489977671e-003	5.023443e-001
4.000000580517096e-003	5.024386e-001
4.000000654284155e-003	5.024829e-001
4.000000735223021e-003	5.024168e-001
4.000000790549570e-003	5.021497e-001
4.000000847035850e-003	5.015488e-001
4.000000906330411e-003	5.006820e-001
4.000000945572285e-003	5.001062e-001
4.000001000000000e-003	4.994109e-001
4.000001005442772e-003	4.997502e-001
4.000001016328315e-003	5.004421e-001
4.000001038099402e-003	5.014317e-001
4.000001081641574e-003	5.019325e-001
4.000001126521414e-003	5.010498e-001
4.000001177485165e-003	4.993871e-001
4.000001221561581e-003	4.983791e-001
4.000001272725415e-003	4.981347e-001
4.000001338102228e-003	4.986258e-001
4.000001400270862e-003	4.993503e-001
4.000001471920199e-003	5.001763e-001
4.000001553347806e-003	5.009057e-001
4.000001636420899e-003	5.013269e-001
4.000001718783933e-003	5.014976e-001
4.000001806037721e-003	5.015993e-001
4.000001904739342e-003	5.016818e-001
4.000002000000000e-003	5.016859e-001
4.000002004727413e-003	5.016500e-001
4.000002014182239e-003	5.015885e-001
4.000002033091890e-003	5.015113e-001
4.000002070911193e-003	5.014340e-001
4.000002146549797e-003	5.013021e-001
4.000002196618994e-003	5.011497e-001
4.000002270443548e-003	5.007850e-001
4.000002338040905e-003	5.003458e-001
4.000002402840513e-003	4.998831e-001
4.000002474477593e-003	4.993831e-001
4.000002555210063e-003	4.988343e-001
4.000002639426679e-003	4.982715e-001
4.000002734614133e-003	4.976395e-001
4.000002844440259e-003	4.968965e-001
4.000002952716248e-003	4.961482e-001
4.000003143520325e-003	4.948422e-001
4.000003339025490e-003	4.935731e-001
4.000003710175489e-003	4.913641e-001
4.000004113550186e-003	4.892400e-001
4.000004558877792e-003	4.872806e-001
4.000005223077732e-003	4.850348e-001
4.000006304992594e-003	4.827979e-001
4.000008392251321e-003	4.817787e-001
4.000010630465137e-003	4.848452e-001
4.000012996730498e-003	4.927227e-001
4.000015289759958e-003	5.038332e-001
4.000017644644839e-003	5.168619e-001
4.000019865379257e-003	5.283189e-001
4.000022220553781e-003	5.374848e-001
4.000024444530952e-003	5.424541e-001
4.000026133300254e-003	5.435059e-001
4.000027854533955e-003	5.423668e-001
4.000029967359034e-003	5.392137e-001
4.000032069236855e-003	5.352075e-001
4.000034630405332e-003	5.303662e-001
4.000037445055534e-003	5.263001e-001
4.000041245749059e-003	5.235475e-001
4.000046048812278e-003	5.234197e-001
4.000049984563319e-003	5.250787e-001
4.000054136301823e-003	5.272138e-001
4.000058626289754e-003	5.285721e-001
4.000064602834977e-003	5.287343e-001
4.000069910339885e-003	5.280522e-001
4.000076723504896e-003	5.272512e-001
4.000083808903075e-003	5.271412e-001
4.000093121628217e-003	5.275131e-001
4.000104343122834e-003	5.277213e-001
4.000117354641293e-003	5.276402e-001
4.000137098120211e-003	5.276116e-001
4.000157478352816e-003	5.276756e-001
4.000193263870703e-003	5.276889e-001
4.000247242719903e-003	5.277058e-001
4.000315557646938e-003	5.277258e-001
4.000394255287710e-003	5.277282e-001
4.000524596713350e-003	5.277366e-001
4.000662737543513e-003	5.277358e-001
4.488064641709957e-003	5.277379e-001
4.492189500000001e-003	5.277234e-001
4.492195500000009e-003	5.277464e-001
4.492203500000018e-003	5.277495e-001
4.492219500000038e-003	5.277402e-001
4.492251500000076e-003	5.277361e-001
4.492827928572201e-003	5.277373e-001
4.493404357144327e-003	5.277382e-001
4.493980785716452e-003	5.277386e-001
4.494557214288576e-003	5.277387e-001
4.495133642860701e-003	5.277383e-001
4.495710071432827e-003	5.277376e-001
4.496286500004952e-003	5.277365e-001
4.496314500004986e-003	5.277385e-001
4.500000000000000e-003	5.277379e-001
4.500001000000000e-003	5.277387e-001
4.500001005810189e-003	5.278463e-001
4.500001017430568e-003	5.280542e-001
4.500001040671327e-003	5.283562e-001
4.500001069858615e-003	5.284614e-001
4.500001113478134e-003	5.281888e-001
4.500001171900405e-003	5.275154e-001
4.500001235527336e-003	5.268502e-001
4.500001289485564e-003	5.265836e-001
4.500001350089469e-003	5.265491e-001
4.500001440630938e-003	5.265819e-001
4.500001544016821e-003	5.265979e-001
4.500001646677810e-003	5.266338e-001
4.500001744723695e-003	5.267795e-001
4.500001856180572e-003	5.271138e-001
4.500001877882379e-003	5.272040e-001
4.500001921285993e-003	5.273994e-001
4.500002000000000e-003	5.277398e-001
4.500002004644513e-003	5.277229e-001
4.500002013933539e-003	5.277016e-001
4.500002032511589e-003	5.277179e-001
4.500002069667690e-003	5.278769e-001
4.500002143979894e-003	5.283064e-001
4.500002208402928e-003	5.286320e-001
4.500002280359894e-003	5.288794e-001
4.500002362962044e-003	5.290639e-001
4.500002444232520e-003	5.292032e-001
4.500002532226476e-003	5.293428e-001
4.500002619551629e-003	5.294797e-001
4.500002704970710e-003	5.296132e-001
4.500002816350910e-003	5.297865e-001
4.500002935161951e-003	5.299753e-001
4.500003091193574e-003	5.302411e-001
4.500003275616346e-003	5.305929e-001
4.500003559956669e-003	5.312218e-001
4.500003926039989e-003	5.321887e-001
4.500004373795959e-003	5.336326e-001
4.500004968143181e-003	5.360056e-001
4.500005876728754e-003	5.405689e-001
4.500007528644580e-003	5.506264e-001
4.500009072759602e-003	5.612398e-001
4.500010278208065e-003	5.698214e-001
4.500011579717594e-003	5.785314e-001
4.500012763070792e-003	5.851235e-001
4.500014546795241e-003	5.920250e-001
4.500016687604502e-003	5.963089e-001
4.500018426306604e-003	5.967864e-001
4.500020100423703e-003	5.951328e-001
4.500021791889986e-003	5.922695e-001
4.500023339018466e-003	5.891548e-001
4.500024681702641e-003	5.863966e-001
4.500026056518771e-003	5.837880e-001
4.500027524949317e-003	5.815017e-001
4.500029799700117e-003	5.791953e-001
4.500033153260353e-003	5.777912e-001
4.500035336312502e-003	5.780563e-001
4.500037426457991e-003	5.791057e-001
4.500039808065412e-003	5.806302e-001
4.500042485792470e-003	5.822555e-001
4.500045254639093e-003	5.834414e-001
4.500048686246683e-003	5.840532e-001
4.500052160958295e-003	5.838926e-001
4.500055887289300e-003	5.832600e-001
4.500060184653763e-003	5.825694e-001
4.500064922761319e-003	5.822887e-001
4.500072480765787e-003	5.825629e-001
4.500079688886566e-003	5.829476e-001
4.500087497555671e-003	5.830675e-001
4.500098854362266e-003	5.829611e-001
4.500111683811472e-003	5.829719e-001
4.500128391316125e-003	5.830876e-001
4.500152280951216e-003	5.831391e-001
4.500186913326027e-003	5.831809e-001
4.500231102060002e-003	5.832327e-001
4.500289109292810e-003	5.832548e-001
4.500391399232325e-003	5.832799e-001
4.500484297495872e-003	5.832868e-001
4.500609383226190e-003	5.832904e-001
4.501004614197628e-003	5.832912e-001
4.984764561868022e-003	5.832915e-001
4.992578061868022e-003	5.833186e-001
4.992584061868024e-003	5.833036e-001
4.992592061868027e-003	5.832907e-001
4.992608061868032e-003	5.832878e-001
4.996687061869423e-003	5.832913e-001
4.998974061870203e-003	5.832915e-001
4.999999000000000e-003	5.832915e-001
5.000000000000000e-003	5.832919e-001
5.000000004620408e-003	5.832624e-001
5.000000013861222e-003	5.832114e-001
5.000000032342852e-003	5.831555e-001
5.000000069306111e-003	5.831506e-001
5.000000139013763e-003	5.832603e-001
5.000000251183571e-003	5.834507e-001
5.000000402336246e-003	5.836171e-001
5.000000492050700e-003	5.836703e-001
5.000000580637007e-003	5.837035e-001
5.000000653034960e-003	5.837228e-001
5.000000732792181e-003	5.837051e-001
5.000000790269867e-003	5.836043e-001
5.000000845971258e-003	5.834277e-001
5.000000906255105e-003	5.832433e-001
5.000000931942565e-003	5.831578e-001
5.000000948625081e-003	5.830799e-001
5.000000966634969e-003	5.829838e-001
5.000001000000000e-003	5.828048e-001
5.000001003336503e-003	5.829060e-001
5.000001010009509e-003	5.831335e-001
5.000001023355522e-003	5.835428e-001
5.000001050047547e-003	5.840174e-001
5.000001084280599e-003	5.840290e-001
5.000001123736555e-003	5.834427e-001
5.000001172812186e-003	5.823879e-001
5.000001219137617e-003	5.815674e-001
5.000001267681717e-003	5.811993e-001
5.000001316685127e-003	5.812412e-001
5.000001389709115e-003	5.815319e-001
5.000001465739850e-003	5.818406e-001
5.000001547628576e-003	5.821012e-001
5.000001627361550e-003	5.822612e-001
5.000001707521532e-003	5.823858e-001
5.000001795766346e-003	5.825902e-001
5.000001894023183e-003	5.829023e-001
5.000002000000000e-003	5.832554e-001
5.000002004524900e-003	5.832430e-001
5.000002013574698e-003	5.832257e-001
5.000002031674295e-003	5.832354e-001
5.000002067873490e-003	5.833557e-001
5.000002140271879e-003	5.836834e-001
5.000002200436062e-003	5.839090e-001
5.000002273003886e-003	5.840673e-001
5.000002343901266e-003	5.841358e-001
5.000002435152036e-003	5.841680e-001
5.000002501588937e-003	5.841748e-001
5.000002569143775e-003	5.841694e-001
5.000002638452608e-003	5.841517e-001
5.000002735612687e-003	5.841097e-001
5.000002846195175e-003	5.840471e-001
5.000002971135099e-003	5.839710e-001
5.000003124881186e-003	5.838878e-001
5.000003353550277e-003	5.838104e-001
5.000003728110915e-003	5.838102e-001
5.000004078868802e-003	5.839973e-001
5.000004592003133e-003	5.846373e-001
5.000005210908400e-003	5.860214e-001
5.000006409805148e-003	5.903067e-001
5.000008154804461e-003	5.989974e-001
5.000009713671612e-003	6.086100e-001
5.000010933127882e-003	6.169347e-001
5.000012147546576e-003	6.252286e-001
5.000013367546513e-003	6.327716e-001
5.000014987200588e-003	6.406096e-001
5.000017160654804e-003	6.472546e-001
5.000019049505628e-003	6.495125e-001
5.000020779897544e-003	6.488705e-001
5.000022637037992e-003	6.463251e-001
5.000024538430743e-003	6.427424e-001
5.000026307200023e-003	6.391705e-001
5.000027845198332e-003	6.363037e-001
5.000029554546049e-003	6.336835e-001
5.000031193800364e-003	6.319531e-001
5.000033717680791e-003	6.305289e-001
5.000035218643962e-003	6.303546e-001
5.000036960194378e-003	6.308141e-001
5.000038866758647e-003	6.317536e-001
5.000040821839826e-003	6.329623e-001
5.000042893929061e-003	6.342688e-001
5.000044888800910e-003	6.353481e-001
5.000047092346404e-003	6.361675e-001
5.000049926542494e-003	6.366576e-001
5.000052522996409e-003	6.366264e-001
5.000055474757519e-003	6.362118e-001
5.000058774708667e-003	6.356241e-001
5.000062440060203e-003	6.351359e-001
5.000067173309629e-003	6.349443e-001
5.000073117641598e-003	6.351625e-001
5.000079386912199e-003	6.355029e-001
5.000086110059193e-003	6.356502e-001
5.000095918174374e-003	6.355957e-001
5.000109455085582e-003	6.355696e-001
5.000122219523961e-003	6.356440e-001
5.000144368697369e-003	6.357160e-001
5.000166826421752e-003	6.357398e-001
5.000211603101091e-003	6.358002e-001
5.000269316234006e-003	6.358366e-001
5.000333373445569e-003	6.358571e-001
5.000411856753346e-003	6.358696e-001
5.000503506537439e-003	6.358732e-001
5.000641819750942e-003	6.358770e-001
5.001094215294159e-003	6.358778e-001
5.493332510803238e-003	6.358777e-001
5.495621532409713e-003	6.358775e-001
5.495627532409715e-003	6.358854e-001
5.495635532409718e-003	6.358832e-001
5.495683532409734e-003	6.358770e-001
5.500000000000860e-003	6.358777e-001
5.500001000000000e-003	6.358781e-001
5.500001005826141e-003	6.359911e-001
5.500001017478422e-003	6.362131e-001
5.500001040782985e-003	6.365466e-001
5.500001070076275e-003	6.366780e-001
5.500001113910244e-003	6.363977e-001
5.500001172059755e-003	6.356585e-001
5.500001236034250e-003	6.348906e-001
5.500001290152521e-003	6.345683e-001
5.500001350647649e-003	6.345224e-001
5.500001441703454e-003	6.345767e-001
5.500001545552780e-003	6.346203e-001
5.500001642797476e-003	6.346710e-001
5.500001738751031e-003	6.348318e-001
5.500001850012849e-003	6.352053e-001
5.500001878439471e-003	6.353385e-001
5.500001935292713e-003	6.356262e-001
5.500002000000000e-003	6.359340e-001
5.500002004643870e-003	6.359178e-001
5.500002013931609e-003	6.358974e-001
5.500002032507086e-003	6.359147e-001
5.500002069658040e-003	6.360787e-001
5.500002143959949e-003	6.365252e-001
5.500002208499777e-003	6.368582e-001
5.500002280365166e-003	6.370927e-001
5.500002362665204e-003	6.372470e-001
5.500002443889715e-003	6.373624e-001
5.500002531995204e-003	6.374993e-001
5.500002619173570e-003	6.376598e-001
5.500002704309209e-003	6.378361e-001
5.500002815491597e-003	6.380771e-001
5.500002934256798e-003	6.383400e-001
5.500003089954396e-003	6.387072e-001
5.500003274136129e-003	6.391935e-001
5.500003557680511e-003	6.400526e-001
5.500003923649164e-003	6.413453e-001
5.500004370167846e-003	6.432151e-001
5.500004963461989e-003	6.461977e-001
5.500005867962609e-003	6.516364e-001
5.500007005620431e-003	6.595913e-001
5.500008167056212e-003	6.685885e-001
5.500009349034871e-003	6.780273e-001
5.500010735437667e-003	6.883073e-001
5.500012430384490e-003	6.981726e-001
5.500014604529986e-003	7.055944e-001
5.500017001151660e-003	7.077610e-001
5.500019087906113e-003	7.054899e-001
5.500021150864887e-003	7.008545e-001
5.500023233464020e-003	6.954551e-001
5.500025445300816e-003	6.902107e-001
5.500027462673227e-003	6.866355e-001
5.500029533541961e-003	6.845476e-001
5.500031556408833e-003	6.839299e-001
5.500032939183141e-003	6.842986e-001
5.500034427344298e-003	6.853074e-001
5.500036066852000e-003	6.868119e-001
5.500037866520540e-003	6.886419e-001
5.500039901568293e-003	6.905761e-001
5.500042237925047e-003	6.922332e-001
5.500045120077411e-003	6.932338e-001
5.500048215330821e-003	6.932076e-001
5.500050400703446e-003	6.926290e-001
5.500052410464581e-003	6.918585e-001
5.500054501205634e-003	6.910693e-001
5.500056840610950e-003	6.903776e-001
5.500059266229694e-003	6.900067e-001
5.500063030111310e-003	6.899869e-001
5.500065553854147e-003	6.902524e-001
5.500067915839225e-003	6.906354e-001
5.500070795970769e-003	6.910769e-001
5.500073630989671e-003	6.913607e-001
5.500077561295908e-003	6.914710e-001
5.500081668152807e-003	6.913497e-001
5.500086425296659e-003	6.911170e-001
5.500091468004501e-003	6.909905e-001
5.500098298092265e-003	6.910541e-001
5.500105826884213e-003	6.912041e-001
5.500114940663706e-003	6.912687e-001
5.500126884757854e-003	6.912466e-001
5.500144967264891e-003	6.912745e-001
5.500164960096145e-003	6.913258e-001
5.500193764105033e-003	6.913483e-001
5.500250882121442e-003	6.913878e-001
5.500302208592096e-003	6.914078e-001
5.500369395786200e-003	6.914171e-001
5.500455253557981e-003	6.914257e-001
5.500550503625870e-003	6.914271e-001
5.500716802384936e-003	6.914297e-001
5.986189784049558e-003	6.914300e-001
5.992188500000001e-003	6.914397e-001
5.992194500000003e-003	6.914259e-001
5.992202500000005e-003	6.914238e-001
5.992250500000022e-003	6.914312e-001
5.996285500001398e-003	6.914300e-001
5.996313500001407e-003	6.914300e-001
5.999999000000000e-003	6.914300e-001
6.000000000000000e-003	6.914303e-001
6.000000004586913e-003	6.913696e-001
6.000000013760740e-003	6.912625e-001
6.000000032108393e-003	6.911394e-001
6.000000068803701e-003	6.911187e-001
6.000000138493373e-003	6.913539e-001
6.000000247862702e-003	6.917756e-001
6.000000399870910e-003	6.921617e-001
6.000000491305547e-003	6.922802e-001
6.000000580707693e-003	6.923438e-001
6.000000653652208e-003	6.923768e-001
6.000000733882362e-003	6.923333e-001
6.000000789558321e-003	6.921296e-001
6.000000845501480e-003	6.917206e-001
6.000000904872412e-003	6.912183e-001
6.000000934282498e-003	6.909603e-001
6.000000993102669e-003	6.904066e-001
6.000001000000000e-003	6.903434e-001
6.000001001441595e-003	6.903871e-001
6.000001004324786e-003	6.905128e-001
6.000001010091167e-003	6.908141e-001
6.000001021623930e-003	6.913695e-001
6.000001044689456e-003	6.920968e-001
6.000001078301749e-003	6.922981e-001
6.000001120588021e-003	6.915114e-001
6.000001167348922e-003	6.900738e-001
6.000001210101012e-003	6.889996e-001
6.000001261727291e-003	6.884924e-001
6.000001313136829e-003	6.886189e-001
6.000001377173176e-003	6.891128e-001
6.000001449031542e-003	6.897187e-001
6.000001530660768e-003	6.903042e-001
6.000001613825751e-003	6.906882e-001
6.000001691307764e-003	6.908716e-001
6.000001780121472e-003	6.910370e-001
6.000001873129159e-003	6.912377e-001
6.000001990374076e-003	6.914619e-001
6.000002000000000e-003	6.914737e-001
6.000002000764636e-003	6.914709e-001
6.000002002293908e-003	6.914628e-001
6.000002005352452e-003	6.914442e-001
6.000002011469541e-003	6.914137e-001
6.000002023703718e-003	6.913837e-001
6.000002048172071e-003	6.914001e-001
6.000002097108778e-003	6.915181e-001
6.000002170279221e-003	6.916434e-001
6.000002232296774e-003	6.916277e-001
6.000002298780207e-003	6.915054e-001
6.000002371592595e-003	6.913255e-001
6.000002441169465e-003	6.911401e-001
6.000002496463956e-003	6.909866e-001
6.000002559318264e-003	6.908025e-001
6.000002644698174e-003	6.905361e-001
6.000002739355691e-003	6.902211e-001
6.000002852820196e-003	6.898187e-001
6.000002979187119e-003	6.893532e-001
6.000003142829260e-003	6.887537e-001
6.000003362070401e-003	6.879949e-001
6.000003724423552e-003	6.868769e-001
6.000004096379520e-003	6.859519e-001
6.000004596943200e-003	6.851108e-001
6.000005220648294e-003	6.847467e-001
6.000006347039813e-003	6.858919e-001
6.000008255798195e-003	6.914710e-001
6.000010053979407e-003	7.000923e-001
6.000011324767214e-003	7.081003e-001
6.000012559774209e-003	7.168986e-001
6.000013805333980e-003	7.259141e-001
6.000015384208571e-003	7.363429e-001
6.000017287106733e-003	7.458636e-001
6.000019766348636e-003	7.525027e-001
6.000022283670517e-003	7.533414e-001
6.000024390074788e-003	7.502808e-001
6.000026427620389e-003	7.453987e-001
6.000028461645623e-003	7.400954e-001
6.000030444010651e-003	7.354804e-001
6.000032531985948e-003	7.318248e-001
6.000034535918882e-003	7.297276e-001
6.000036521374693e-003	7.289387e-001
6.000037842885030e-003	7.290981e-001
6.000039110207042e-003	7.297482e-001
6.000040777259489e-003	7.310247e-001
6.000042289846002e-003	7.324138e-001
6.000044309757123e-003	7.343447e-001
6.000046347549538e-003	7.360482e-001
6.000049056483684e-003	7.375935e-001
6.000052204344470e-003	7.383633e-001
6.000054558657895e-003	7.382325e-001
6.000056661325436e-003	7.376841e-001
6.000058865963423e-003	7.369233e-001
6.000061153895532e-003	7.361473e-001
6.000063649544925e-003	7.354838e-001
6.000066241650205e-003	7.351266e-001
6.000070338235949e-003	7.350994e-001
6.000073174284609e-003	7.353522e-001
6.000075798284489e-003	7.357067e-001
6.000078867544463e-003	7.360827e-001
6.000082055890293e-003	7.363159e-001
6.000086603089275e-003	7.363787e-001
6.000090640232969e-003	7.362636e-001
6.000095563201872e-003	7.360705e-001
6.000100722887754e-003	7.359806e-001
6.000108512983974e-003	7.360444e-001
6.000116584740722e-003	7.361563e-001
6.000126313503253e-003	7.361964e-001
6.000140274996859e-003	7.361776e-001
6.000157614211662e-003	7.361990e-001
6.000184332281847e-003	7.362431e-001
6.000211963456689e-003	7.362581e-001
6.000267225806371e-003	7.362862e-001
6.000321889610261e-003	7.363008e-001
6.000390945630696e-003	7.363085e-001
6.000480162256198e-003	7.363145e-001
6.000578358092518e-003	7.363155e-001
6.000921964715554e-003	7.363172e-001
6.485725981218852e-003	7.363176e-001
6.492189500000002e-003	7.363201e-001
6.492195500000009e-003	7.363130e-001
6.492203500000019e-003	7.363135e-001
6.492493785714656e-003	7.363160e-001
6.492784071429292e-003	7.363180e-001
6.493074357143929e-003	7.363192e-001
6.493364642858565e-003	7.363198e-001
6.493654928573202e-003	7.363197e-001
6.493945214287838e-003	7.363190e-001
6.494235500002474e-003	7.363176e-001
6.499999999999999e-003	7.363176e-001
6.500001000000000e-003	7.363173e-001
6.500001005828831e-003	7.364312e-001
6.500001017486491e-003	7.366547e-001
6.500001040801812e-003	7.369918e-001
6.500001070096109e-003	7.371274e-001
6.500001113943849e-003	7.368488e-001
6.500001172178232e-003	7.361025e-001
6.500001236193976e-003	7.353205e-001
6.500001290321177e-003	7.349873e-001
6.500001350888609e-003	7.349350e-001
6.500001442024617e-003	7.349876e-001
6.500001546061901e-003	7.350317e-001
6.500001644203206e-003	7.350833e-001
6.500001740671491e-003	7.352480e-001
6.500001851773209e-003	7.356276e-001
6.500001878505142e-003	7.357557e-001
6.500001931969007e-003	7.360344e-001
6.500002000000000e-003	7.363706e-001
6.500002004644644e-003	7.363553e-001
6.500002013933931e-003	7.363365e-001
6.500002032512505e-003	7.363574e-001
6.500002069669653e-003	7.365309e-001
6.500002143983949e-003	7.370036e-001
6.500002208569354e-003	7.373657e-001
6.500002280428162e-003	7.376343e-001
6.500002362891957e-003	7.378224e-001
6.500002444109400e-003	7.379594e-001
6.500002532130863e-003	7.381046e-001
6.500002619391553e-003	7.382593e-001
6.500002704709573e-003	7.384197e-001
6.500002816071770e-003	7.386346e-001
6.500002934862570e-003	7.388702e-001
6.500003090787712e-003	7.392030e-001
6.500003275057142e-003	7.396463e-001
6.500003559029325e-003	7.404377e-001
6.500003925127917e-003	7.416450e-001
6.500004372421725e-003	7.434228e-001
6.500004966441782e-003	7.463056e-001
6.500005873446623e-003	7.516445e-001
6.500006968435947e-003	7.592368e-001
6.500008123248287e-003	7.682198e-001
6.500009702076288e-003	7.808499e-001
6.500011413776497e-003	7.930025e-001
6.500013514211404e-003	8.032779e-001
6.500016180542720e-003	8.085904e-001
6.500018922652387e-003	8.069521e-001
6.500021369661417e-003	8.014982e-001
6.500023762711333e-003	7.949612e-001
6.500026312262387e-003	7.889086e-001
6.500028786802866e-003	7.852306e-001
6.500031712452262e-003	7.838098e-001
6.500033796324699e-003	7.845716e-001
6.500035982562027e-003	7.866342e-001
6.500038912595555e-003	7.899300e-001
6.500041581678611e-003	7.924315e-001
6.500045084453478e-003	7.940488e-001
6.500049335476059e-003	7.938585e-001
6.500052258101233e-003	7.927459e-001
6.500055282009270e-003	7.913892e-001
6.500059039241475e-003	7.903237e-001
6.500063102949452e-003	7.901253e-001
6.500066441405814e-003	7.905945e-001
6.500069844480220e-003	7.912964e-001
6.500074302053585e-003	7.919532e-001
6.500078867780728e-003	7.921030e-001
6.500083470714605e-003	7.918326e-001
6.500087775028810e-003	7.915099e-001
6.500093161948595e-003	7.913430e-001
6.500098941760671e-003	7.914616e-001
6.500103147475395e-003	7.916315e-001
6.500108511213009e-003	7.917668e-001
6.500114225078015e-003	7.917624e-001
6.500118727153914e-003	7.916983e-001
6.500124385207207e-003	7.916437e-001
6.500130487668245e-003	7.916602e-001
6.500136938039257e-003	7.917156e-001
6.500145738862439e-003	7.917595e-001
6.500154022484405e-003	7.917603e-001
6.500168309085126e-003	7.917619e-001
6.500182698782125e-003	7.917836e-001
6.500211478176123e-003	7.918105e-001
6.500237540563798e-003	7.918231e-001
6.500289665339149e-003	7.918453e-001
6.500343370031498e-003	7.918563e-001
6.500412665407834e-003	7.918639e-001
6.500498594703560e-003	7.918682e-001
6.500588080698858e-003	7.918696e-001
6.500892361911155e-003	7.918708e-001
6.988264574739249e-003	7.918711e-001
6.992190500000001e-003	7.918751e-001
6.992263071428598e-003	7.918726e-001
6.992335642857193e-003	7.918707e-001
6.992408214285790e-003	7.918695e-001
6.992480785714386e-003	7.918690e-001
6.992553357142982e-003	7.918690e-001
6.992625928571578e-003	7.918697e-001
6.992698500000174e-003	7.918711e-001
6.999999000000000e-003	7.918711e-001
7.000000000000000e-003	7.918708e-001
7.000000004620974e-003	7.918404e-001
7.000000013862921e-003	7.917866e-001
7.000000032346816e-003	7.917245e-001
7.000000069314606e-003	7.917138e-001
7.000000139091907e-003	7.918312e-001
7.000000251358331e-003	7.920485e-001
7.000000402366410e-003	7.922430e-001
7.000000491976513e-003	7.923033e-001
7.000000580568727e-003	7.923378e-001
7.000000652962264e-003	7.923573e-001
7.000000732735624e-003	7.923362e-001
7.000000790268777e-003	7.922239e-001
7.000000846010446e-003	7.920250e-001
7.000000906318657e-003	7.918124e-001
7.000000931971033e-003	7.917159e-001
7.000000948695248e-003	7.916299e-001
7.000000966551569e-003	7.915245e-001
7.000001000000001e-003	7.913246e-001
7.000001003344844e-003	7.914282e-001
7.000001010034530e-003	7.916647e-001
7.000001023413902e-003	7.921020e-001
7.000001050172648e-003	7.926331e-001
7.000001084967096e-003	7.926810e-001
7.000001124812807e-003	7.920603e-001
7.000001174006190e-003	7.908918e-001
7.000001220099701e-003	7.899551e-001
7.000001268383731e-003	7.895045e-001
7.000001317589890e-003	7.895248e-001
7.000001391200016e-003	7.898518e-001
7.000001467521513e-003	7.902200e-001
7.000001549461906e-003	7.905359e-001
7.000001628899248e-003	7.907289e-001
7.000001709339586e-003	7.908753e-001
7.000001797515932e-003	7.911057e-001
7.000001896306993e-003	7.914569e-001
7.000002000000000e-003	7.918427e-001
7.000002004524122e-003	7.918300e-001
7.000002013572368e-003	7.918114e-001
7.000002031668859e-003	7.918187e-001
7.000002067861839e-003	7.919377e-001
7.000002140247802e-003	7.922703e-001
7.000002200530240e-003	7.924944e-001
7.000002273029430e-003	7.926325e-001
7.000002344019953e-003	7.926684e-001
7.000002435305823e-003	7.926573e-001
7.000002501787844e-003	7.926420e-001
7.000002569468152e-003	7.926282e-001
7.000002638879450e-003	7.926166e-001
7.000002736166263e-003	7.925996e-001
7.000002846823071e-003	7.925752e-001
7.000002971891739e-003	7.925476e-001
7.000003125936428e-003	7.925336e-001
7.000003355093025e-003	7.925809e-001
7.000003729082950e-003	7.928188e-001
7.000004080522930e-003	7.932597e-001
7.000004593716268e-003	7.943139e-001
7.000005214369860e-003	7.962269e-001
7.000006215794734e-003	8.005422e-001
7.000007270892552e-003	8.064517e-001
7.000008411691996e-003	8.142525e-001
7.000009881817185e-003	8.254923e-001
7.000011608847241e-003	8.385993e-001
7.000013609282521e-003	8.511196e-001
7.000015909397791e-003	8.594929e-001
7.000018875015984e-003	8.615569e-001
7.000021622822917e-003	8.572665e-001
7.000024118077318e-003	8.505562e-001
7.000026854126834e-003	8.432422e-001
7.000029341447870e-003	8.385330e-001
7.000032205475733e-003	8.363209e-001
7.000035330316811e-003	8.371330e-001
7.000037968583976e-003	8.396668e-001
7.000040811918637e-003	8.430309e-001
7.000043837182682e-003	8.458204e-001
7.000047442513104e-003	8.470432e-001
7.000052833170245e-003	8.459199e-001
7.000056632947725e-003	8.442147e-001
7.000060335641054e-003	8.428794e-001
7.000064305549853e-003	8.425492e-001
7.000068564942535e-003	8.431819e-001
7.000072566822621e-003	8.440670e-001
7.000077473298135e-003	8.447451e-001
7.000082616520926e-003	8.447400e-001
7.000087377149351e-003	8.443344e-001
7.000092669227049e-003	8.439621e-001
7.000098588576561e-003	8.439446e-001
7.000104818367351e-003	8.441963e-001
7.000111503903395e-003	8.443947e-001
7.000118710389229e-003	8.443686e-001
7.000125555040271e-003	8.442692e-001
7.000134865512146e-003	8.442584e-001
7.000144263720322e-003	8.443406e-001
7.000153532791985e-003	8.443759e-001
7.000163364272519e-003	8.443512e-001
7.000172853206146e-003	8.443495e-001
7.000183355151082e-003	8.443805e-001
7.000195076455593e-003	8.443969e-001
7.000207867435677e-003	8.443974e-001
7.000232983037788e-003	8.444121e-001
7.000259256512573e-003	8.444254e-001
7.000287875346504e-003	8.444316e-001
7.000345113014366e-003	8.444436e-001
7.000401355566753e-003	8.444495e-001
7.000463332386647e-003	8.444529e-001
7.000545410853222e-003	8.444552e-001
7.000766429861129e-003	8.444567e-001
7.496708421936538e-003	8.444568e-001
7.497887323476676e-003	8.444563e-001
7.497923323476688e-003	8.444565e-001
7.497959323476701e-003	8.444567e-001
7.497995323476713e-003	8.444568e-001
7.498031323476725e-003	8.444569e-001
7.498067323476737e-003	8.444569e-001
7.498103323476750e-003	8.444569e-001
7.498139323476762e-003	8.444569e-001
7.500000428551783e-003	8.444568e-001
7.500001000000000e-003	8.444573e-001
7.500001005949203e-003	8.445780e-001
7.500001017847610e-003	8.448181e-001
7.500001041644422e-003	8.451895e-001
7.500001070816604e-003	8.453443e-001
7.500001115988560e-003	8.450454e-001
7.500001174274248e-003	8.442325e-001
7.500001238468957e-003	8.433523e-001
7.500001291689086e-003	8.429670e-001
7.500001352025588e-003	8.428903e-001
7.500001446489037e-003	8.429472e-001
7.500001550995145e-003	8.430111e-001
7.500001644276343e-003	8.430787e-001
7.500001739731308e-003	8.432661e-001
7.500001849741238e-003	8.436885e-001
7.500001879096537e-003	8.438466e-001
7.500001937807134e-003	8.441901e-001
7.500002000000000e-003	8.445315e-001
7.500002004643258e-003	8.445171e-001
7.500002013929775e-003	8.444993e-001
7.500002032502809e-003	8.445212e-001
7.500002069648876e-003	8.446995e-001
7.500002143941010e-003	8.451883e-001
7.500002208634288e-003	8.455573e-001
7.500002280420245e-003	8.458122e-001
7.500002362814739e-003	8.459684e-001
7.500002444075044e-003	8.460785e-001
7.500002532153605e-003	8.462189e-001
7.500002619415177e-003	8.464000e-001
7.500002704567743e-003	8.466114e-001
7.500002815638333e-003	8.469097e-001
7.500002934437548e-003	8.472388e-001
7.500003090124716e-003	8.476996e-001
7.500003274450612e-003	8.483121e-001
7.500003558186399e-003	8.493952e-001
7.500003924180217e-003	8.510188e-001
7.500004370855721e-003	8.533565e-001
7.500004964302505e-003	8.570693e-001
7.500005869394529e-003	8.639265e-001
7.500007515325606e-003	8.784304e-001
7.500009126971807e-003	8.932211e-001
7.500011161064257e-003	9.094363e-001
7.500013158082041e-003	9.194915e-001
7.500015499726798e-003	9.227638e-001
7.500018199948217e-003	9.183382e-001
7.500020887398879e-003	9.090663e-001
7.500023338363784e-003	8.995932e-001
7.500025685542008e-003	8.923091e-001
7.500028153591566e-003	8.882934e-001
7.500031003673881e-003	8.881918e-001
7.500033328345994e-003	8.911604e-001
7.500035709999792e-003	8.959752e-001
7.500038579581694e-003	9.016995e-001
7.500041393325114e-003	9.051952e-001
7.500045056563032e-003	9.056967e-001
7.500048618035687e-003	9.029753e-001
7.500051489459128e-003	8.997367e-001
7.500054548106197e-003	8.969924e-001
7.500057863188084e-003	8.960319e-001
7.500062482232302e-003	8.974419e-001
7.500065923314988e-003	8.995048e-001
7.500069564487072e-003	9.013575e-001
7.500073511667277e-003	9.018035e-001
7.500079448629331e-003	9.004010e-001
7.500083694715036e-003	8.991274e-001
7.500088584981139e-003	8.985378e-001
7.500093172088974e-003	8.990608e-001
7.500096951898850e-003	8.998672e-001
7.500101735904461e-003	9.005265e-001
7.500106882647888e-003	9.004574e-001
7.500111748701024e-003	8.999251e-001
7.500116865710222e-003	8.994876e-001
7.500122754320466e-003	8.995243e-001
7.500128882955258e-003	8.999048e-001
7.500135280117223e-003	9.001474e-001
7.500142158583027e-003	9.000242e-001
7.500148346400045e-003	8.998294e-001
7.500156991763827e-003	8.998134e-001
7.500165522056253e-003	8.999702e-001
7.500174290798418e-003	9.000205e-001
7.500183586176847e-003	8.999269e-001
7.500192512022169e-003	8.998997e-001
7.500202770182839e-003	8.999746e-001
7.500212468986316e-003	8.999996e-001
7.500223730346142e-003	8.999596e-001
7.500235222674736e-003	8.999592e-001
7.500247703100142e-003	8.999909e-001
7.500262117802792e-003	8.999876e-001
7.500276712555254e-003	8.999795e-001
7.500291656230274e-003	8.999957e-001
7.500305919146450e-003	8.999983e-001
7.500322136880551e-003	8.999926e-001
7.500345253478992e-003	9.000009e-001
7.500391003099921e-003	9.000011e-001
7.500475246458002e-003	9.000062e-001
7.500571193664887e-003	9.000083e-001
7.500776351557379e-003	9.000086e-001
7.986667403846515e-003	9.000092e-001
7.992190499999999e-003	9.000095e-001
7.992202499999993e-003	9.000069e-001
7.999999201752338e-003	9.000092e-001
8.000000000000000e-003	9.000092e-001
