 0.00000000e+00  7.50000000e+00  0.00000000e+00  7.50074553e+00 
 1.00000000e-08  7.50125664e+00  1.00000000e-08  7.50076703e+00 
 2.00000000e-08  7.50251327e+00  2.00000000e-08  7.50081184e+00 
 4.00000000e-08  7.50502654e+00  4.00000000e-08  7.50094925e+00 
 8.00000000e-08  7.51005305e+00  8.00000000e-08  7.50147958e+00 
 1.60000000e-07  7.52010585e+00  1.60000000e-07  7.50352035e+00 
 3.20000000e-07  7.54020968e+00  3.20000000e-07  7.51196919e+00 
 6.40000000e-07  7.58040310e+00  6.40000000e-07  7.55607305e+00 
 1.26786569e-06  7.65915624e+00  1.26786569e-06  7.71232065e+00 
 2.15989315e-06  7.77058781e+00  2.15989315e-06  7.94928269e+00 
 3.15989315e-06  7.89448025e+00  3.15989315e-06  8.20154805e+00 
 4.15989315e-06  8.01681586e+00  4.15989315e-06  8.44844850e+00 
 5.15989315e-06  8.13711183e+00  5.15989315e-06  8.69144951e+00 
 6.15989315e-06  8.25489342e+00  6.15989315e-06  8.92925952e+00 
 7.15989315e-06  8.36969578e+00  7.15989315e-06  9.16138475e+00 
 8.15989315e-06  8.48106585e+00  8.15989315e-06  9.38687060e+00 
 9.15989315e-06  8.58856411e+00  9.15989315e-06  9.60489120e+00 
 1.01598932e-05  8.69176630e+00  1.01598932e-05  9.81453556e+00 
 1.11598932e-05  8.79026513e+00  1.11598932e-05  1.00150405e+01 
 1.21598932e-05  8.88367187e+00  1.21598932e-05  1.02055560e+01 
 1.31598932e-05  8.97161789e+00  1.31598932e-05  1.03853903e+01 
 1.41598932e-05  9.05375611e+00  1.41598932e-05  1.05537732e+01 
 1.51598932e-05  9.12976237e+00  1.51598932e-05  1.07101002e+01 
 1.61598932e-05  9.19933670e+00  1.61598932e-05  1.08536949e+01 
 1.71598932e-05  9.26220452e+00  1.71598932e-05  1.09840517e+01 
 1.81598932e-05  9.31811772e+00  1.81598932e-05  1.11005985e+01 
 1.91598932e-05  9.36685565e+00  1.91598932e-05  1.12029380e+01 
 2.01598932e-05  9.40822595e+00  2.01598932e-05  1.12906108e+01 
 2.11598932e-05  9.44206535e+00  2.11598932e-05  1.13633349e+01 
 2.21598932e-05  9.46824031e+00  2.21598932e-05  1.14207698e+01 
 2.31598932e-05  9.48664752e+00  2.31598932e-05  1.14627537e+01 
 2.41598932e-05  9.49721434e+00  2.41598932e-05  1.14890688e+01 
 2.51598932e-05  9.49989907e+00  2.51598932e-05  1.14996769e+01 
 2.61598932e-05  9.49469111e+00  2.61598932e-05  1.14944844e+01 
 2.71598932e-05  9.48161102e+00  2.71598932e-05  1.14735775e+01 
 2.81598932e-05  9.46071041e+00  2.81598932e-05  1.14369872e+01 
 2.91598932e-05  9.43207178e+00  2.91598932e-05  1.13849227e+01 
 3.01598932e-05  9.39580814e+00  3.01598932e-05  1.13175373e+01 
 3.11598932e-05  9.35206261e+00  3.11598932e-05  1.12351603e+01 
 3.21598932e-05  9.30100784e+00  3.21598932e-05  1.11380635e+01 
 3.31598932e-05  9.24284531e+00  3.31598932e-05  1.10266914e+01 
 3.41598932e-05  9.17780457e+00  3.41598932e-05  1.09014285e+01 
 3.51598932e-05  9.10614230e+00  3.51598932e-05  1.07628280e+01 
 3.61598932e-05  9.02814132e+00  3.61598932e-05  1.06113799e+01 
 3.71598932e-05  8.94410947e+00  3.71598932e-05  1.04477381e+01 
 3.81598932e-05  8.85437837e+00  3.81598932e-05  1.02724896e+01 
 3.91598932e-05  8.75930216e+00  3.91598932e-05  1.00863801e+01 
 4.01598932e-05  8.65925606e+00  4.01598932e-05  9.89008452e+00 
 4.11598932e-05  8.55463491e+00  4.11598932e-05  9.68443044e+00 
 4.21598932e-05  8.44585160e+00  4.21598932e-05  9.47017198e+00 
 4.31598932e-05  8.33333544e+00  4.31598932e-05  9.24821018e+00 
 4.41598932e-05  8.21753048e+00  4.41598932e-05  9.01937253e+00 
 4.51598932e-05  8.09889377e+00  4.51598932e-05  8.78463190e+00 
 4.61598932e-05  7.97789349e+00  4.61598932e-05  8.54490075e+00 
 4.71598932e-05  7.85500718e+00  4.71598932e-05  8.30126555e+00 
 4.81598932e-05  7.73071982e+00  4.81598932e-05  8.05492959e+00 
 4.91598932e-05  7.60552192e+00  4.91598932e-05  7.80768408e+00 
 5.01598932e-05  7.47990757e+00  5.01598932e-05  7.56731638e+00 
 5.11598932e-05  7.35437252e+00  5.11598932e-05  7.36947690e+00 
 5.21598932e-05  7.22941219e+00  5.21598932e-05  7.06366062e+00 
 5.31295087e-05  7.10926368e+00  5.31295087e-05  6.81368917e+00 
 5.41295087e-05  6.98687362e+00  5.41295087e-05  6.56609895e+00 
 5.51295087e-05  6.86650863e+00  5.51295087e-05  6.32269558e+00 
 5.61295087e-05  6.74864375e+00  5.61295087e-05  6.08475439e+00 
 5.71295087e-05  6.63374413e+00  5.71295087e-05  5.85215447e+00 
 5.81295087e-05  6.52226322e+00  5.81295087e-05  5.62612547e+00 
 5.91295087e-05  6.41464099e+00  5.91295087e-05  5.40760824e+00 
 6.01295087e-05  6.31130218e+00  6.01295087e-05  5.19730340e+00 
 6.11295087e-05  6.21265462e+00  6.11295087e-05  4.99623839e+00 
 6.21295087e-05  6.11908762e+00  6.21295087e-05  4.80498886e+00 
 6.31295087e-05  6.03097045e+00  6.31295087e-05  4.62454727e+00 
 6.41295087e-05  5.94865086e+00  6.41295087e-05  4.45538611e+00 
 6.51295087e-05  5.87245375e+00  6.51295087e-05  4.29841346e+00 
 6.61295087e-05  5.80267982e+00  6.61295087e-05  4.15402286e+00 
 6.71295087e-05  5.73960443e+00  6.71295087e-05  4.02302426e+00 
 6.81295087e-05  5.68347652e+00  6.81295087e-05  3.90568354e+00 
 6.91295087e-05  5.63451760e+00  6.91295087e-05  3.80271023e+00 
 7.01295087e-05  5.59292089e+00  7.01295087e-05  3.71426458e+00 
 7.11295087e-05  5.55885054e+00  7.11295087e-05  3.64092873e+00 
 7.21295087e-05  5.53244103e+00  7.21295087e-05  3.58275763e+00 
 7.31295087e-05  5.51379657e+00  7.31295087e-05  3.54019584e+00 
 7.41295087e-05  5.50299075e+00  7.41295087e-05  3.51319353e+00 
 7.51295087e-05  5.50006621e+00  7.51295087e-05  3.50205130e+00 
 7.61295087e-05  5.50503450e+00  7.61295087e-05  3.50661566e+00 
 7.71295087e-05  5.51787601e+00  7.71295087e-05  3.52703993e+00 
 7.81295087e-05  5.53854005e+00  7.81295087e-05  3.56306911e+00 
 7.91295087e-05  5.56694508e+00  7.91295087e-05  3.61470880e+00 
 8.01295087e-05  5.60297900e+00  8.01295087e-05  3.68160573e+00 
 8.11295087e-05  5.64649959e+00  8.11295087e-05  3.76362003e+00 
 8.21295087e-05  5.69733509e+00  8.21295087e-05  3.86030442e+00 
 8.31295087e-05  5.75528490e+00  8.31295087e-05  3.97137839e+00 
 8.41295087e-05  5.82012030e+00  8.41295087e-05  4.09630595e+00 
 8.51295087e-05  5.89158541e+00  8.51295087e-05  4.23467299e+00 
 8.61295087e-05  5.96939820e+00  8.61295087e-05  4.38586117e+00 
 8.71295087e-05  6.05325158e+00  8.71295087e-05  4.54933167e+00 
 8.81295087e-05  6.14281462e+00  8.81295087e-05  4.72439113e+00 
 8.91295087e-05  6.23773384e+00  8.91295087e-05  4.91038617e+00 
 9.01295087e-05  6.33763465e+00  9.01295087e-05  5.10655661e+00 
 9.11295087e-05  6.44212279e+00  9.11295087e-05  5.31214507e+00 
 9.21295087e-05  6.55078588e+00  9.21295087e-05  5.52633317e+00 
 9.31295087e-05  6.66319509e+00  9.31295087e-05  5.74826834e+00 
 9.41295087e-05  6.77890679e+00  9.41295087e-05  5.97708118e+00 
 9.51295087e-05  6.89746431e+00  9.51295087e-05  6.21182428e+00 
 9.61295087e-05  7.01839977e+00  9.61295087e-05  6.45157153e+00 
 9.71295087e-05  7.14123588e+00  9.71295087e-05  6.69523478e+00 
 9.81295087e-05  7.26548787e+00  9.81295087e-05  6.94170750e+00 
 9.91295087e-05  7.39066537e+00  9.91295087e-05  7.18920922e+00 
 1.00129509e-04  7.51627436e+00  1.00129509e-04  7.42990866e+00 
 1.01129509e-04  7.64181913e+00  1.01129509e-04  7.62950260e+00 
 1.02129509e-04  7.76680420e+00  1.02129509e-04  7.94002634e+00 
 1.03072511e-04  7.88370933e+00  1.03072511e-04  8.17970668e+00 
 1.04072511e-04  8.00620033e+00  1.04072511e-04  8.42718817e+00 
 1.05072511e-04  8.12669359e+00  1.05072511e-04  8.67045395e+00 
 1.06072511e-04  8.24471358e+00  1.06072511e-04  8.90868419e+00 
 1.07072511e-04  8.35979452e+00  1.07072511e-04  9.14134649e+00 
 1.08072511e-04  8.47148224e+00  1.08072511e-04  9.36745127e+00 
 1.09072511e-04  8.57933597e+00  1.09072511e-04  9.58616021e+00 
 1.10072511e-04  8.68293006e+00  1.10072511e-04  9.79656722e+00 
 1.11072511e-04  8.78185565e+00  1.11072511e-04  9.99790588e+00 
 1.12072511e-04  8.87572235e+00  1.12072511e-04  1.01893213e+01 
 1.13072511e-04  8.96415971e+00  1.13072511e-04  1.03701219e+01 
 1.14072511e-04  9.04681869e+00  1.14072511e-04  1.05395283e+01 
 1.15072511e-04  9.12337309e+00  1.15072511e-04  1.06969388e+01 
 1.16072511e-04  9.19352077e+00  1.16072511e-04  1.08416645e+01 
 1.17072511e-04  9.25698490e+00  1.17072511e-04  1.09732044e+01 
 1.18072511e-04  9.31351502e+00  1.18072511e-04  1.10909718e+01 
 1.19072511e-04  9.36288802e+00  1.19072511e-04  1.11945748e+01 
 1.20072511e-04  9.40490905e+00  1.20072511e-04  1.12835385e+01 
 1.21072511e-04  9.43941228e+00  1.21072511e-04  1.13575861e+01 
 1.22072511e-04  9.46626153e+00  1.22072511e-04  1.14163618e+01 
 1.23072511e-04  9.48535084e+00  1.23072511e-04  1.14597078e+01 
 1.24072511e-04  9.49660489e+00  1.24072511e-04  1.14873926e+01 
 1.25072511e-04  9.49997924e+00  1.25072511e-04  1.14993793e+01 
 1.26072511e-04  9.49546059e+00  1.26072511e-04  1.14955639e+01 
 1.27072511e-04  9.48306677e+00  1.27072511e-04  1.14760306e+01 
 1.28072511e-04  9.46284670e+00  1.28072511e-04  1.14408031e+01 
 1.29072511e-04  9.43488016e+00  1.29072511e-04  1.13900851e+01 
 1.30072511e-04  9.39927753e+00  1.30072511e-04  1.13240273e+01 
 1.31072511e-04  9.35617933e+00  1.31072511e-04  1.12429486e+01 
 1.32072511e-04  9.30575563e+00  1.32072511e-04  1.11471236e+01 
 1.33072511e-04  9.24820544e+00  1.33072511e-04  1.10369813e+01 
 1.34072511e-04  9.18375588e+00  1.34072511e-04  1.09129148e+01 
 1.35072511e-04  9.11266130e+00  1.35072511e-04  1.07754565e+01 
 1.36072511e-04  9.03520229e+00  1.36072511e-04  1.06251109e+01 
 1.37072511e-04  8.95168454e+00  1.37072511e-04  1.04625059e+01 
 1.38072511e-04  8.86243765e+00  1.38072511e-04  1.02882493e+01 
 1.39072511e-04  8.76781384e+00  1.39072511e-04  1.01030551e+01 
 1.40072511e-04  8.66818655e+00  1.40072511e-04  9.90762534e+00 
 1.41072511e-04  8.56394896e+00  1.41072511e-04  9.70275077e+00 
 1.42072511e-04  8.45551245e+00  1.42072511e-04  9.48921818e+00 
 1.43072511e-04  8.34330497e+00  1.43072511e-04  9.26788713e+00 
 1.44072511e-04  8.22776935e+00  1.44072511e-04  9.03962256e+00 
 1.45072511e-04  8.10936156e+00  1.45072511e-04  8.80535133e+00 
 1.46072511e-04  7.98854890e+00  1.46072511e-04  8.56602538e+00 
 1.47072511e-04  7.86580815e+00  1.47072511e-04  8.32267799e+00 
 1.48072511e-04  7.74162373e+00  1.48072511e-04  8.07653038e+00 
 1.49072511e-04  7.61648573e+00  1.49072511e-04  7.82923588e+00 
 1.50072511e-04  7.49088801e+00  1.50072511e-04  7.58708792e+00 
 1.51072511e-04  7.36532626e+00  1.51072511e-04  7.39225002e+00 
 1.52072511e-04  7.24029600e+00  1.52072511e-04  7.08709872e+00 
 1.53037398e-04  7.12062206e+00  1.53037398e-04  6.83681738e+00 
 1.54037398e-04  6.99806966e+00  1.54037398e-04  6.58869164e+00 
 1.55037398e-04  6.87749814e+00  1.55037398e-04  6.34489690e+00 
 1.56037398e-04  6.75938336e+00  1.56037398e-04  6.10641486e+00 
 1.57037398e-04  6.64419145e+00  1.57037398e-04  5.87332886e+00 
 1.58037398e-04  6.53237703e+00  1.58037398e-04  5.64664152e+00 
 1.59037398e-04  6.42438138e+00  1.59037398e-04  5.42741715e+00 
 1.60037398e-04  6.32063069e+00  1.60037398e-04  5.21629535e+00 
 1.61037398e-04  6.22153445e+00  1.61037398e-04  5.01437030e+00 
 1.62037398e-04  6.12748372e+00  1.62037398e-04  4.82215858e+00 
 1.63037398e-04  6.03884968e+00  1.63037398e-04  4.64070716e+00 
 1.64037398e-04  5.95598214e+00  1.64037398e-04  4.47045221e+00 
 1.65037398e-04  5.87920813e+00  1.65037398e-04  4.31236814e+00 
 1.66037398e-04  5.80883065e+00  1.66037398e-04  4.16676713e+00 
 1.67037398e-04  5.74512743e+00  1.67037398e-04  4.03453896e+00 
 1.68037398e-04  5.68834990e+00  1.68037398e-04  3.91589305e+00 
 1.69037398e-04  5.63872213e+00  1.69037398e-04  3.81160467e+00 
 1.70037398e-04  5.59643997e+00  1.70037398e-04  3.72177931e+00 
 1.71037398e-04  5.56167029e+00  1.71037398e-04  3.64706436e+00 
 1.72037398e-04  5.53455031e+00  1.72037398e-04  3.58746064e+00 
 1.73037398e-04  5.51518706e+00  1.73037398e-04  3.54347808e+00 
 1.74037398e-04  5.50365696e+00  1.74037398e-04  3.51501288e+00 
 1.75037398e-04  5.50000552e+00  1.75037398e-04  3.50243104e+00 
 1.76037398e-04  5.50424714e+00  1.76037398e-04  3.50552526e+00 
 1.77037398e-04  5.51636509e+00  1.77037398e-04  3.52451404e+00 
 1.78037398e-04  5.53631154e+00  1.78037398e-04  3.55908883e+00 
 1.79037398e-04  5.56400777e+00  1.79037398e-04  3.60931994e+00 
 1.80037398e-04  5.59934447e+00  1.80037398e-04  3.67480087e+00 
 1.81037398e-04  5.64218220e+00  1.81037398e-04  3.75545571e+00 
 1.82037398e-04  5.69235188e+00  1.82037398e-04  3.85078444e+00 
 1.83037398e-04  5.74965552e+00  1.83037398e-04  3.96056941e+00 
 1.84037398e-04  5.81386698e+00  1.84037398e-04  4.08422253e+00 
 1.85037398e-04  5.88473283e+00  1.85037398e-04  4.22139120e+00 
 1.86037398e-04  5.96197340e+00  1.86037398e-04  4.37140577e+00 
 1.87037398e-04  6.04528386e+00  1.87037398e-04  4.53378724e+00 
 1.88037398e-04  6.13433542e+00  1.88037398e-04  4.70779192e+00 
 1.89037398e-04  6.22877664e+00  1.89037398e-04  4.89282438e+00 
 1.90037398e-04  6.32823479e+00  1.90037398e-04  5.08807516e+00 
 1.91037398e-04  6.43231736e+00  1.91037398e-04  5.29284286e+00 
 1.92037398e-04  6.54061359e+00  1.92037398e-04  5.50626094e+00 
 1.93037398e-04  6.65269608e+00  1.93037398e-04  5.72753101e+00 
 1.94037398e-04  6.76812249e+00  1.94037398e-04  5.95573673e+00 
 1.95037398e-04  6.88643729e+00  1.95037398e-04  6.18998399e+00 
 1.96037398e-04  7.00717354e+00  1.96037398e-04  6.42930190e+00 
 1.97037398e-04  7.12985475e+00  1.97037398e-04  6.67266004e+00 
 1.98037398e-04  7.25399676e+00  1.98037398e-04  6.91892244e+00 
 1.99037398e-04  7.37910962e+00  1.99037398e-04  7.16644165e+00 
 2.00037398e-04  7.50469959e+00  2.00037398e-04  7.40888958e+00 
 2.01037398e-04  7.63027101e+00  2.01037398e-04  7.60538395e+00 
 2.02037398e-04  7.75532831e+00  2.02037398e-04  7.91524259e+00 
 2.02978421e-04  7.87209864e+00  2.02978421e-04  8.15643045e+00 
 2.03978421e-04  7.99475284e+00  2.03978421e-04  8.40386257e+00 
 2.04978421e-04  8.11545447e+00  2.04978421e-04  8.64774306e+00 
 2.05978421e-04  8.23372718e+00  2.05978421e-04  8.88651011e+00 
 2.06978421e-04  8.34910421e+00  2.06978421e-04  9.11971066e+00 
 2.07978421e-04  8.46113021e+00  2.07978421e-04  9.34649181e+00 
 2.08978421e-04  8.56936307e+00  2.08978421e-04  9.56591056e+00 
 2.09978421e-04  8.67337564e+00  2.09978421e-04  9.77715724e+00 
 2.10978421e-04  8.77275743e+00  2.10978421e-04  9.97936041e+00 
 2.11978421e-04  8.86711623e+00  2.11978421e-04  1.01717656e+01 
 2.12978421e-04  8.95607965e+00  2.12978421e-04  1.03535726e+01 
 2.13978421e-04  9.03929658e+00  2.13978421e-04  1.05241040e+01 
 2.14978421e-04  9.11643862e+00  2.14978421e-04  1.06826465e+01 
 2.15978421e-04  9.18720131e+00  2.15978421e-04  1.08286148e+01 
 2.16978421e-04  9.25130539e+00  2.16978421e-04  1.09613940e+01 
 2.17978421e-04  9.30849787e+00  2.17978421e-04  1.10805022e+01 
 2.18978421e-04  9.35855303e+00  2.18978421e-04  1.11854315e+01 
 2.19978421e-04  9.40127333e+00  2.19978421e-04  1.12758130e+01 
 2.20978421e-04  9.43649018e+00  2.20978421e-04  1.13512524e+01 
 2.21978421e-04  9.46406458e+00  2.21978421e-04  1.14115006e+01 
 2.22978421e-04  9.48388772e+00  2.22978421e-04  1.14562812e+01 
 2.23978421e-04  9.49588135e+00  2.23978421e-04  1.14854701e+01 
 2.24978421e-04  9.49999816e+00  2.24978421e-04  1.14989112e+01 
 2.25978421e-04  9.49622189e+00  2.25978421e-04  1.14966082e+01 
 2.26978421e-04  9.48456744e+00  2.26978421e-04  1.14785254e+01 
 2.27978421e-04  9.46508081e+00  2.27978421e-04  1.14447952e+01 
 2.28978421e-04  9.43783891e+00  2.28978421e-04  1.13955009e+01 
 2.29978421e-04  9.40294924e+00  2.29978421e-04  1.13309020e+01 
 2.30978421e-04  9.36054950e+00  2.30978421e-04  1.12511975e+01 
 2.31978421e-04  9.31080701e+00  2.31978421e-04  1.11567709e+01 
 2.32978421e-04  9.25391811e+00  2.32978421e-04  1.10479315e+01 
 2.33978421e-04  9.19010728e+00  2.33978421e-04  1.09251815e+01 
 2.34978421e-04  9.11962638e+00  2.34978421e-04  1.07889342e+01 
 2.35978421e-04  9.04275355e+00  2.35978421e-04  1.06398034e+01 
 2.36978421e-04  8.95979218e+00  2.36978421e-04  1.04782985e+01 
 2.37978421e-04  8.87106968e+00  2.37978421e-04  1.03051367e+01 
 2.38978421e-04  8.77693619e+00  2.38978421e-04  1.01209142e+01 
 2.39978421e-04  8.67776321e+00  2.39978421e-04  9.92644243e+00 
 2.40978421e-04  8.57394214e+00  2.40978421e-04  9.72239558e+00 
 2.41978421e-04  8.46588272e+00  2.41978421e-04  9.50966940e+00 
 2.42978421e-04  8.35401139e+00  2.42978421e-04  9.28900808e+00 
 2.43978421e-04  8.23876968e+00  2.43978421e-04  9.06138450e+00 
 2.44978421e-04  8.12061237e+00  2.44978421e-04  8.82761137e+00 
 2.45978421e-04  8.00000580e+00  2.45978421e-04  8.58874522e+00 
 2.46978421e-04  7.87742592e+00  2.46978421e-04  8.34570329e+00 
 2.47978421e-04  7.75335653e+00  2.47978421e-04  8.09978595e+00 
 2.48978421e-04  7.62828724e+00  2.48978421e-04  7.85245755e+00 
 2.49978421e-04  7.50271167e+00  2.49978421e-04  7.60894802e+00 
 2.50978421e-04  7.37712540e+00  2.50978421e-04  7.41552969e+00 
 2.51978421e-04  7.25202405e+00  2.51978421e-04  7.11269653e+00 
 2.52953423e-04  7.13098834e+00  2.52953423e-04  6.85782569e+00 
 2.53953423e-04  7.00829151e+00  2.53953423e-04  6.60930430e+00 
 2.54953423e-04  6.88753523e+00  2.54953423e-04  6.36500494e+00 
 2.55953423e-04  6.76919606e+00  2.55953423e-04  6.12633047e+00 
 2.56953423e-04  6.65374105e+00  2.56953423e-04  5.89266220e+00 
 2.57953423e-04  6.54162583e+00  2.57953423e-04  5.66540342e+00 
 2.58953423e-04  6.43329288e+00  2.58953423e-04  5.44552528e+00 
 2.59953423e-04  6.32916974e+00  2.59953423e-04  5.23368284e+00 
 2.60953423e-04  6.22966732e+00  2.60953423e-04  5.03096489e+00 
 2.61953423e-04  6.13517833e+00  2.61953423e-04  4.83789630e+00 
 2.62953423e-04  6.04607567e+00  2.62953423e-04  4.65552478e+00 
 2.63953423e-04  5.96271098e+00  2.63953423e-04  4.48429188e+00 
 2.64953423e-04  5.88541327e+00  2.64953423e-04  4.32517299e+00 
 2.65953423e-04  5.81448759e+00  2.65953423e-04  4.17848869e+00 
 2.66953423e-04  5.75021387e+00  2.66953423e-04  4.04512869e+00 
 2.67953423e-04  5.69284575e+00  2.67953423e-04  3.92531154e+00 
 2.68953423e-04  5.64260964e+00  2.68953423e-04  3.81981263e+00 
 2.69953423e-04  5.59970380e+00  2.69953423e-04  3.72874691e+00 
 2.70953423e-04  5.56429756e+00  2.70953423e-04  3.65276224e+00 
 2.71953423e-04  5.53653066e+00  2.71953423e-04  3.59186895e+00 
 2.72953423e-04  5.51651267e+00  2.72953423e-04  3.54657781e+00 
 2.73953423e-04  5.50432261e+00  2.73953423e-04  3.51679444e+00 
 2.74953423e-04  5.50000856e+00  2.74953423e-04  3.50288599e+00 
 2.75953423e-04  5.50358758e+00  2.75953423e-04  3.50465436e+00 
 2.76953423e-04  5.51504551e+00  2.76953423e-04  3.52231952e+00 
 2.77953423e-04  5.53433716e+00  2.77953423e-04  3.55558173e+00 
 2.78953423e-04  5.56138638e+00  2.78953423e-04  3.60451301e+00 
 2.79953423e-04  5.59608643e+00  2.79953423e-04  3.66871524e+00 
 2.80953423e-04  5.63830034e+00  2.80953423e-04  3.74811439e+00 
 2.81953423e-04  5.68786154e+00  2.81953423e-04  3.84221828e+00 
 2.82953423e-04  5.74457442e+00  2.82953423e-04  3.95081123e+00 
 2.83953423e-04  5.80821517e+00  2.83953423e-04  4.07331246e+00 
 2.84953423e-04  5.87853261e+00  2.84953423e-04  4.20937126e+00 
 2.85953423e-04  5.95524925e+00  2.85953423e-04  4.35832473e+00 
 2.86953423e-04  6.03806231e+00  2.86953423e-04  4.51969567e+00 
 2.87953423e-04  6.12664497e+00  2.87953423e-04  4.69274650e+00 
 2.88953423e-04  6.22064764e+00  2.88953423e-04  4.87688346e+00 
 2.89953423e-04  6.31969932e+00  2.89953423e-04  5.07130251e+00 
 2.90953423e-04  6.42340912e+00  2.90953423e-04  5.27530387e+00 
 2.91953423e-04  6.53136772e+00  2.91953423e-04  5.48802560e+00 
 2.92953423e-04  6.64314908e+00  2.92953423e-04  5.70867123e+00 
 2.93953423e-04  6.75831203e+00  2.93953423e-04  5.93632801e+00 
 2.94953423e-04  6.87640209e+00  2.94953423e-04  6.17010513e+00 
 2.95953423e-04  6.99695320e+00  2.95953423e-04  6.40903481e+00 
 2.96953423e-04  7.11948961e+00  2.96953423e-04  6.65209600e+00 
 2.97953423e-04  7.24352772e+00  2.97953423e-04  6.89816545e+00 
 2.98953423e-04  7.36857801e+00  2.98953423e-04  7.14566784e+00 
 2.99953423e-04  7.49414696e+00  2.99953423e-04  7.38929094e+00 
 3.00953423e-04  7.61973901e+00  3.00953423e-04  7.58433351e+00 
 3.01953423e-04  7.74485851e+00  3.01953423e-04  7.89211121e+00 
 3.02904832e-04  7.86300867e+00  3.02904832e-04  8.13839310e+00 
 3.03904832e-04  7.98578751e+00  3.03904832e-04  8.38578683e+00 
 3.04904832e-04  8.10664917e+00  3.04904832e-04  8.62998425e+00 
 3.05904832e-04  8.22511666e+00  3.05904832e-04  8.86912046e+00 
 3.06904832e-04  8.34072245e+00  3.06904832e-04  9.10274703e+00 
 3.07904832e-04  8.45301029e+00  3.07904832e-04  9.33005541e+00 
 3.08904832e-04  8.56153704e+00  3.08904832e-04  9.55002067e+00 
 3.09904832e-04  8.66587438e+00  3.09904832e-04  9.76192217e+00 
 3.10904832e-04  8.76561055e+00  3.10904832e-04  9.96479351e+00 
 3.11904832e-04  8.86035193e+00  3.11904832e-04  1.01579710e+01 
 3.12904832e-04  8.94972463e+00  3.12904832e-04  1.03405580e+01 
 3.13904832e-04  9.03337592e+00  3.13904832e-04  1.05119675e+01 
 3.14904832e-04  9.11097569e+00  3.14904832e-04  1.06713893e+01 
 3.15904832e-04  9.18221766e+00  3.15904832e-04  1.08183280e+01 
 3.16904832e-04  9.24682069e+00  3.16904832e-04  1.09520714e+01 
 3.17904832e-04  9.30452982e+00  3.17904832e-04  1.10722269e+01 
 3.18904832e-04  9.35511729e+00  3.18904832e-04  1.11781897e+01 
 3.19904832e-04  9.39838347e+00  3.19904832e-04  1.12696791e+01 
 3.20904832e-04  9.43415759e+00  3.20904832e-04  1.13462042e+01 
 3.21904832e-04  9.46229847e+00  3.21904832e-04  1.14076034e+01 
 3.22904832e-04  9.48269506e+00  3.22904832e-04  1.14535043e+01 
 3.23904832e-04  9.49526685e+00  3.23904832e-04  1.14838695e+01 
 3.24904832e-04  9.49996424e+00  3.24904832e-04  1.14984474e+01 
 3.25904832e-04  9.49676869e+00  3.25904832e-04  1.14973275e+01 
 3.26904832e-04  9.48569280e+00  3.26904832e-04  1.14803797e+01 
 3.27904832e-04  9.46678029e+00  3.27904832e-04  1.14478212e+01 
 3.28904832e-04  9.44010580e+00  3.28904832e-04  1.13996419e+01 
 3.29904832e-04  9.40577459e+00  3.29904832e-04  1.13361854e+01 
 3.30904832e-04  9.36392216e+00  3.30904832e-04  1.12575581e+01 
 3.31904832e-04  9.31471369e+00  3.31904832e-04  1.11642269e+01 
 3.32904832e-04  9.25834336e+00  3.32904832e-04  1.10564098e+01 
 3.33904832e-04  9.19503366e+00  3.33904832e-04  1.09346918e+01 
 3.34904832e-04  9.12503444e+00  3.34904832e-04  1.07993958e+01 
 3.35904832e-04  9.04862195e+00  3.35904832e-04  1.06512179e+01 
 3.36904832e-04  8.96609775e+00  3.36904832e-04  1.04905783e+01 
 3.37904832e-04  8.87778754e+00  3.37904832e-04  1.03182757e+01 
 3.38904832e-04  8.78403983e+00  3.38904832e-04  1.01348189e+01 
 3.39904832e-04  8.68522460e+00  3.39904832e-04  9.94109989e+00 
 3.40904832e-04  8.58173183e+00  3.40904832e-04  9.73770669e+00 
 3.41904832e-04  8.47396995e+00  3.41904832e-04  9.52561500e+00 
 3.42904832e-04  8.36236427e+00  3.42904832e-04  9.30548435e+00 
 3.43904832e-04  8.24735522e+00  3.43904832e-04  9.07836620e+00 
 3.44904832e-04  8.12939671e+00  3.44904832e-04  8.84499011e+00 
 3.45904832e-04  8.00895426e+00  3.45904832e-04  8.60648821e+00 
 3.46904832e-04  7.88650319e+00  3.46904832e-04  8.36369389e+00 
 3.47904832e-04  7.76252678e+00  3.47904832e-04  8.11796476e+00 
 3.48904832e-04  7.63751429e+00  3.48904832e-04  7.87063376e+00 
 3.49904832e-04  7.51195909e+00  3.49904832e-04  7.62632061e+00 
 3.50904832e-04  7.38635670e+00  3.50904832e-04  7.43285413e+00 
 3.51904832e-04  7.26120280e+00  3.51904832e-04  7.13308506e+00 
 3.52899423e-04  7.13765977e+00  3.52899423e-04  6.87129263e+00 
 3.53899423e-04  7.01487187e+00  3.53899423e-04  6.62257302e+00 
 3.54899423e-04  6.89399855e+00  3.54899423e-04  6.37796049e+00 
 3.55899423e-04  6.77551684e+00  3.55899423e-04  6.13912313e+00 
 3.56899423e-04  6.65989434e+00  3.56899423e-04  5.90511902e+00 
 3.57899423e-04  6.54758734e+00  3.57899423e-04  5.67749959e+00 
 3.58899423e-04  6.43903909e+00  3.58899423e-04  5.45719858e+00 
 3.59899423e-04  6.33467796e+00  3.59899423e-04  5.24490074e+00 
 3.60899423e-04  6.23491583e+00  3.60899423e-04  5.04166982e+00 
 3.61899423e-04  6.14014640e+00  3.61899423e-04  4.84805930e+00 
 3.62899423e-04  6.05074370e+00  3.62899423e-04  4.66509345e+00 
 3.63899423e-04  5.96706055e+00  3.63899423e-04  4.49324041e+00 
 3.64899423e-04  5.88942721e+00  3.64899423e-04  4.33345210e+00 
 3.65899423e-04  5.81815007e+00  3.65899423e-04  4.18607955e+00 
 3.66899423e-04  5.75351042e+00  3.66899423e-04  4.05198744e+00 
 3.67899423e-04  5.69576336e+00  3.67899423e-04  3.93142501e+00 
 3.68899423e-04  5.64513681e+00  3.68899423e-04  3.82514311e+00 
 3.69899423e-04  5.60183055e+00  3.69899423e-04  3.73328706e+00 
 3.70899423e-04  5.56601550e+00  3.70899423e-04  3.65648108e+00 
 3.71899423e-04  5.53783300e+00  3.71899423e-04  3.59476516e+00 
 3.72899423e-04  5.51739428e+00  3.72899423e-04  3.54862752e+00 
 3.73899423e-04  5.50478000e+00  3.73899423e-04  3.51800239e+00 
 3.74899423e-04  5.50003994e+00  3.74899423e-04  3.50323567e+00 
 3.75899423e-04  5.50319280e+00  3.75899423e-04  3.50415659e+00 
 3.76899423e-04  5.51422616e+00  3.76899423e-04  3.52096523e+00 
 3.77899423e-04  5.53309645e+00  3.77899423e-04  3.55338775e+00 
 3.78899423e-04  5.55972922e+00  3.78899423e-04  3.60147768e+00 
 3.79899423e-04  5.59401935e+00  3.79899423e-04  3.66486123e+00 
 3.80899423e-04  5.63583151e+00  3.80899423e-04  3.74344729e+00 
 3.81899423e-04  5.68500070e+00  3.81899423e-04  3.83676637e+00 
 3.82899423e-04  5.74133285e+00  3.82899423e-04  3.94458709e+00 
 3.83899423e-04  5.80460567e+00  3.83899423e-04  4.06634966e+00 
 3.84899423e-04  5.87456943e+00  3.84899423e-04  4.20168900e+00 
 3.85899423e-04  5.95094802e+00  3.85899423e-04  4.34996149e+00 
 3.86899423e-04  6.03344001e+00  3.86899423e-04  4.51067681e+00 
 3.87899423e-04  6.12171985e+00  3.87899423e-04  4.68311494e+00 
 3.88899423e-04  6.21543912e+00  3.88899423e-04  4.86667024e+00 
 3.89899423e-04  6.31422798e+00  3.89899423e-04  5.06055449e+00 
 3.90899423e-04  6.41769653e+00  3.90899423e-04  5.26405728e+00 
 3.91899423e-04  6.52543644e+00  3.91899423e-04  5.47633066e+00 
 3.92899423e-04  6.63702250e+00  3.92899423e-04  5.69656901e+00 
 3.93899423e-04  6.75201435e+00  3.93899423e-04  5.92387164e+00 
 3.94899423e-04  6.86995815e+00  3.94899423e-04  6.15734078e+00 
 3.95899423e-04  6.99038844e+00  3.95899423e-04  6.39601886e+00 
 3.96899423e-04  7.11282994e+00  3.96899423e-04  6.63888328e+00 
 3.97899423e-04  7.23679941e+00  3.97899423e-04  6.88482445e+00 
 3.98899423e-04  7.36180762e+00  3.98899423e-04  7.13230439e+00 
 3.99899423e-04  7.48736121e+00  3.99899423e-04  7.37662823e+00 
 4.00899423e-04  7.61296468e+00  4.00899423e-04  7.57124912e+00 
 4.01899423e-04  7.73812234e+00  4.01899423e-04  7.87725295e+00 
 4.02862068e-04  7.85772274e+00  4.02862068e-04  8.12761922e+00 
 4.03862068e-04  7.98057281e+00  4.03862068e-04  8.37526387e+00 
 4.04862068e-04  8.10152628e+00  4.04862068e-04  8.61969009e+00 
 4.05862068e-04  8.22010580e+00  4.05862068e-04  8.85900950e+00 
 4.06862068e-04  8.33584339e+00  4.06862068e-04  9.09286852e+00 
 4.07862068e-04  8.44828229e+00  4.07862068e-04  9.32048755e+00 
 4.08862068e-04  8.55697875e+00  4.08862068e-04  9.54076413e+00 
 4.09862068e-04  8.66150380e+00  4.09862068e-04  9.75304846e+00 
 4.10862068e-04  8.76144493e+00  4.10862068e-04  9.95630158e+00 
 4.11862068e-04  8.85640771e+00  4.11862068e-04  1.01499306e+01 
 4.12862068e-04  8.94601736e+00  4.12862068e-04  1.03329643e+01 
 4.13862068e-04  9.02992025e+00  4.13862068e-04  1.05048872e+01 
 4.14862068e-04  9.10778524e+00  4.14862068e-04  1.06648137e+01 
 4.15862068e-04  9.17930504e+00  4.15862068e-04  1.08123197e+01 
 4.16862068e-04  9.24419739e+00  4.16862068e-04  1.09466172e+01 
 4.17862068e-04  9.30220618e+00  4.17862068e-04  1.10673852e+01 
 4.18862068e-04  9.35310250e+00  4.18862068e-04  1.11739424e+01 
 4.19862068e-04  9.39668546e+00  4.19862068e-04  1.12660799e+01 
 4.20862068e-04  9.43278307e+00  4.20862068e-04  1.13432299e+01 
 4.21862068e-04  9.46125288e+00  4.21862068e-04  1.14053027e+01 
 4.22862068e-04  9.48198251e+00  4.22862068e-04  1.14518490e+01 
 4.23862068e-04  9.49489016e+00  4.23862068e-04  1.14829027e+01 
 4.24862068e-04  9.49992489e+00  4.24862068e-04  1.14981358e+01 
 4.25862068e-04  9.49706683e+00  4.25862068e-04  1.14977088e+01 
 4.26862068e-04  9.48632727e+00  4.26862068e-04  1.14814154e+01 
 4.27862068e-04  9.46774857e+00  4.27862068e-04  1.14495436e+01 
 4.28862068e-04  9.44140407e+00  4.28862068e-04  1.14020072e+01 
 4.29862068e-04  9.40739774e+00  4.29862068e-04  1.13392206e+01 
 4.30862068e-04  9.36586378e+00  4.30862068e-04  1.12612147e+01 
 4.31862068e-04  9.31696611e+00  4.31862068e-04  1.11685265e+01 
 4.32862068e-04  9.26089770e+00  4.32862068e-04  1.10612991e+01 
 4.33862068e-04  9.19787983e+00  4.33862068e-04  1.09401874e+01 
 4.34862068e-04  9.12816121e+00  4.34862068e-04  1.08054402e+01 
 4.35862068e-04  9.05201698e+00  4.35862068e-04  1.06578228e+01 
 4.36862068e-04  8.96974764e+00  4.36862068e-04  1.04976822e+01 
 4.37862068e-04  8.88167789e+00  4.37862068e-04  1.03258861e+01 
 4.38862068e-04  8.78815528e+00  4.38862068e-04  1.01428707e+01 
 4.39862068e-04  8.68954891e+00  4.39862068e-04  9.94959630e+00 
 4.40862068e-04  8.58624794e+00  4.40862068e-04  9.74657970e+00 
 4.41862068e-04  8.47866004e+00  4.41862068e-04  9.53486400e+00 
 4.42862068e-04  8.36720982e+00  4.42862068e-04  9.31503880e+00 
 4.43862068e-04  8.25233711e+00  4.43862068e-04  9.08822162e+00 
 4.44862068e-04  8.13449528e+00  4.44862068e-04  8.85507379e+00 
 4.45862068e-04  8.01414938e+00  4.45862068e-04  8.61679075e+00 
 4.46862068e-04  7.89177437e+00  4.46862068e-04  8.37413867e+00 
 4.47862068e-04  7.76785321e+00  4.47862068e-04  8.12852671e+00 
 4.48862068e-04  7.64287495e+00  4.48862068e-04  7.88119931e+00 
 4.49862068e-04  7.51733283e+00  4.49862068e-04  7.63649931e+00 
 4.50862068e-04  7.39172231e+00  4.50862068e-04  7.44251070e+00 
 4.51862068e-04  7.26653910e+00  4.51862068e-04  7.14518529e+00 
 4.52862068e-04  7.14227726e+00  4.52862068e-04  6.88062160e+00 
 4.53862068e-04  7.01942719e+00  4.53862068e-04  6.63174978e+00 
 4.54862068e-04  6.89847372e+00  4.54862068e-04  6.38692978e+00 
 4.55862068e-04  6.77989420e+00  4.55862068e-04  6.14798424e+00 
 4.56862068e-04  6.66415661e+00  4.56862068e-04  5.91374686e+00 
 4.57862068e-04  6.55171771e+00  4.57862068e-04  5.68588116e+00 
 4.58862068e-04  6.44302125e+00  4.58862068e-04  5.46528673e+00 
 4.59862068e-04  6.33849620e+00  4.59862068e-04  5.25267771e+00 
 4.60862068e-04  6.23855507e+00  4.60862068e-04  5.04908428e+00 
 4.61862068e-04  6.14359229e+00  4.61862068e-04  4.85510201e+00 
 4.62862068e-04  6.05398264e+00  4.62862068e-04  4.67173203e+00 
 4.63862068e-04  5.97007975e+00  4.63862068e-04  4.49945314e+00 
 4.64862068e-04  5.89221476e+00  4.64862068e-04  4.33920007e+00 
 4.65862068e-04  5.82069496e+00  4.65862068e-04  4.19135498e+00 
 4.66862068e-04  5.75580261e+00  4.66862068e-04  4.05675456e+00 
 4.67862068e-04  5.69779382e+00  4.67862068e-04  3.93568010e+00 
 4.68862068e-04  5.64689750e+00  4.68862068e-04  3.82885450e+00 
 4.69862068e-04  5.60331454e+00  4.69862068e-04  3.73645505e+00 
 4.70862068e-04  5.56721693e+00  4.70862068e-04  3.65907871e+00 
 4.71862068e-04  5.53874712e+00  4.71862068e-04  3.59679677e+00 
 4.72862068e-04  5.51801749e+00  4.72862068e-04  3.55007120e+00 
 4.73862068e-04  5.50510984e+00  4.73862068e-04  3.51886655e+00 
 4.74862068e-04  5.50007511e+00  4.74862068e-04  3.50350361e+00 
 4.75862068e-04  5.50293317e+00  4.75862068e-04  3.50384080e+00 
 4.76862068e-04  5.51367273e+00  4.76862068e-04  3.52005428e+00 
 4.77862068e-04  5.53225143e+00  4.77862068e-04  3.55189815e+00 
 4.78862068e-04  5.55859593e+00  4.78862068e-04  3.59940328e+00 
 4.79862068e-04  5.59260226e+00  4.79862068e-04  3.66222245e+00 
 4.80862068e-04  5.63413622e+00  4.80862068e-04  3.74024311e+00 
 4.81862068e-04  5.68303389e+00  4.81862068e-04  3.83302100e+00 
 4.82862068e-04  5.73910230e+00  4.82862068e-04  3.94030443e+00 
 4.83862068e-04  5.80212017e+00  4.83862068e-04  4.06155751e+00 
 4.84862068e-04  5.87183879e+00  4.84862068e-04  4.19639592e+00 
 4.85862068e-04  5.94798302e+00  4.85862068e-04  4.34419859e+00 
 4.86862068e-04  6.03025236e+00  4.86862068e-04  4.50445702e+00 
 4.87862068e-04  6.11832211e+00  4.87862068e-04  4.67647238e+00 
 4.88862068e-04  6.21184472e+00  4.88862068e-04  4.85962185e+00 
 4.89862068e-04  6.31045109e+00  4.89862068e-04  5.05313702e+00 
 4.90862068e-04  6.41375206e+00  4.90862068e-04  5.25629137e+00 
 4.91862068e-04  6.52133996e+00  4.91862068e-04  5.46825528e+00 
 4.92862068e-04  6.63279018e+00  4.92862068e-04  5.68820831e+00 
 4.93862068e-04  6.74766289e+00  4.93862068e-04  5.91526640e+00 
 4.94862068e-04  6.86550472e+00  4.94862068e-04  6.14851893e+00 
 4.95862068e-04  6.98585062e+00  4.95862068e-04  6.38702305e+00 
 4.96862068e-04  7.10822563e+00  4.96862068e-04  6.62974777e+00 
 4.97862068e-04  7.23214679e+00  4.97862068e-04  6.87559916e+00 
 4.98862068e-04  7.35712505e+00  4.98862068e-04  7.12305785e+00 
 4.99862068e-04  7.48266717e+00  4.99862068e-04  7.36772133e+00 
 5.00862068e-04  7.60827769e+00  5.00862068e-04  7.56253472e+00 
 5.01862068e-04  7.73346090e+00  5.01862068e-04  7.86685824e+00 
 5.02836908e-04  7.85461156e+00  5.02836908e-04  8.12130244e+00 
 5.03836908e-04  7.97750312e+00  5.03836908e-04  8.36920812e+00 
 5.04836908e-04  8.09851020e+00  5.04836908e-04  8.61336681e+00 
 5.05836908e-04  8.21715523e+00  5.05836908e-04  8.85305384e+00 
 5.06836908e-04  8.33296998e+00  5.06836908e-04  9.08705647e+00 
 5.07836908e-04  8.44549737e+00  5.07836908e-04  9.31485618e+00 
 5.08836908e-04  8.55429332e+00  5.08836908e-04  9.53530782e+00 
 5.09836908e-04  8.65892846e+00  5.09836908e-04  9.74782283e+00 
 5.10836908e-04  8.75898983e+00  5.10836908e-04  9.95129398e+00 
 5.11836908e-04  8.85408255e+00  5.11836908e-04  1.01451940e+01 
 5.12836908e-04  8.94383132e+00  5.12836908e-04  1.03284839e+01 
 5.13836908e-04  9.02788195e+00  5.13836908e-04  1.05007144e+01 
 5.14836908e-04  9.10590273e+00  5.14836908e-04  1.06609310e+01 
 5.15836908e-04  9.17758574e+00  5.15836908e-04  1.08087765e+01 
 5.16836908e-04  9.24264808e+00  5.16836908e-04  1.09433934e+01 
 5.17836908e-04  9.30083300e+00  5.17836908e-04  1.10645276e+01 
 5.18836908e-04  9.35191084e+00  5.18836908e-04  1.11714279e+01 
 5.19836908e-04  9.39568004e+00  5.19836908e-04  1.12639526e+01 
 5.20836908e-04  9.43196786e+00  5.20836908e-04  1.13414638e+01 
 5.21836908e-04  9.46063108e+00  5.21836908e-04  1.14039390e+01 
 5.22836908e-04  9.48155659e+00  5.22836908e-04  1.14508585e+01 
 5.23836908e-04  9.49466180e+00  5.23836908e-04  1.14823236e+01 
 5.24836908e-04  9.49989499e+00  5.24836908e-04  1.14979357e+01 
 5.25836908e-04  9.49723551e+00  5.25836908e-04  1.14979229e+01 
 5.26836908e-04  9.48669385e+00  5.26836908e-04  1.14820081e+01 
 5.27836908e-04  9.46831162e+00  5.27836908e-04  1.14505468e+01 
 5.28836908e-04  9.44216137e+00  5.28836908e-04  1.14033825e+01 
 5.29836908e-04  9.40834628e+00  5.29836908e-04  1.13409967e+01 
 5.30836908e-04  9.36699983e+00  5.30836908e-04  1.12633501e+01 
 5.31836908e-04  9.31828519e+00  5.31836908e-04  1.11710469e+01 
 5.32836908e-04  9.26239460e+00  5.32836908e-04  1.10641606e+01 
 5.33836908e-04  9.19954864e+00  5.33836908e-04  1.09434123e+01 
 5.34836908e-04  9.12999535e+00  5.34836908e-04  1.08089821e+01 
 5.35836908e-04  9.05400920e+00  5.35836908e-04  1.06617013e+01 
 5.36836908e-04  8.97189009e+00  5.36836908e-04  1.05018487e+01 
 5.37836908e-04  8.88396211e+00  5.37836908e-04  1.03303572e+01 
 5.38836908e-04  8.79057226e+00  5.38836908e-04  1.01475960e+01 
 5.39836908e-04  8.69208911e+00  5.39836908e-04  9.95458988e+00 
 5.40836908e-04  8.58890132e+00  5.40836908e-04  9.75178961e+00 
 5.41836908e-04  8.48141615e+00  5.41836908e-04  9.54030167e+00 
 5.42836908e-04  8.37005777e+00  5.42836908e-04  9.32065120e+00 
 5.43836908e-04  8.25526567e+00  5.43836908e-04  9.09401749e+00 
 5.44836908e-04  8.13749288e+00  5.44836908e-04  8.86099929e+00 
 5.45836908e-04  8.01720420e+00  5.45836908e-04  8.62285115e+00 
 5.46836908e-04  7.89487435e+00  5.46836908e-04  8.38027870e+00 
 5.47836908e-04  7.77098611e+00  5.47836908e-04  8.13474147e+00 
 5.48836908e-04  7.64602841e+00  5.48836908e-04  7.88741537e+00 
 5.49836908e-04  7.52049441e+00  5.49836908e-04  7.64251141e+00 
 5.50836908e-04  7.39487952e+00  5.50836908e-04  7.44805268e+00 
 5.51836908e-04  7.26967950e+00  5.51836908e-04  7.15235471e+00 
 5.52836908e-04  7.14538844e+00  5.52836908e-04  6.88696502e+00 
 5.53836908e-04  7.02249688e+00  5.53836908e-04  6.63794293e+00 
 5.54836908e-04  6.90148980e+00  5.54836908e-04  6.39297309e+00 
 5.55836908e-04  6.78284477e+00  5.55836908e-04  6.15395766e+00 
 5.56836908e-04  6.66703002e+00  5.56836908e-04  5.91956230e+00 
 5.57836908e-04  6.55450263e+00  5.57836908e-04  5.69153343e+00 
 5.58836908e-04  6.44570668e+00  5.58836908e-04  5.47073987e+00 
 5.59836908e-04  6.34107154e+00  5.59836908e-04  5.25792415e+00 
 5.60836908e-04  6.24101017e+00  5.60836908e-04  5.05409047e+00 
 5.61836908e-04  6.14591745e+00  5.61836908e-04  4.85986117e+00 
 5.62836908e-04  6.05616868e+00  5.62836908e-04  4.67621072e+00 
 5.63836908e-04  5.97211805e+00  5.63836908e-04  4.50364839e+00 
 5.64836908e-04  5.89409727e+00  5.64836908e-04  4.34308040e+00 
 5.65836908e-04  5.82241426e+00  5.65836908e-04  4.19491999e+00 
 5.66836908e-04  5.75735192e+00  5.66836908e-04  4.05997522e+00 
 5.67836908e-04  5.69916700e+00  5.67836908e-04  3.93855864e+00 
 5.68836908e-04  5.64808916e+00  5.68836908e-04  3.83136477e+00 
 5.69836908e-04  5.60431996e+00  5.69836908e-04  3.73860197e+00 
 5.70836908e-04  5.56803214e+00  5.70836908e-04  3.66083932e+00 
 5.71836908e-04  5.53936892e+00  5.71836908e-04  3.59817870e+00 
 5.72836908e-04  5.51844341e+00  5.72836908e-04  3.55105488e+00 
 5.73836908e-04  5.50533820e+00  5.73836908e-04  3.51946237e+00 
 5.74836908e-04  5.50010501e+00  5.74836908e-04  3.50369550e+00 
 5.75836908e-04  5.50276449e+00  5.75836908e-04  3.50364189e+00 
 5.76836908e-04  5.51330615e+00  5.76836908e-04  3.51945207e+00 
 5.77836908e-04  5.53168838e+00  5.77836908e-04  3.55090847e+00 
 5.78836908e-04  5.55783863e+00  5.78836908e-04  3.59801715e+00 
 5.79836908e-04  5.59165372e+00  5.79836908e-04  3.66045838e+00 
 5.80836908e-04  5.63300017e+00  5.80836908e-04  3.73809557e+00 
 5.81836908e-04  5.68171481e+00  5.81836908e-04  3.83051104e+00 
 5.82836908e-04  5.73760540e+00  5.82836908e-04  3.93742986e+00 
 5.83836908e-04  5.80045136e+00  5.83836908e-04  4.05834176e+00 
 5.84836908e-04  5.87000465e+00  5.84836908e-04  4.19283998e+00 
 5.85836908e-04  5.94599080e+00  5.85836908e-04  4.34032812e+00 
 5.86836908e-04  6.02810991e+00  5.86836908e-04  4.50027595e+00 
 5.87836908e-04  6.11603789e+00  5.87836908e-04  4.67200836e+00 
 5.88836908e-04  6.20942774e+00  5.88836908e-04  4.85488158e+00 
 5.89836908e-04  6.30791089e+00  5.89836908e-04  5.04814987e+00 
 5.90836908e-04  6.41109868e+00  5.90836908e-04  5.25106660e+00 
 5.91836908e-04  6.51858385e+00  5.91836908e-04  5.46282367e+00 
 5.92836908e-04  6.62994223e+00  5.92836908e-04  5.68258162e+00 
 5.93836908e-04  6.74473433e+00  5.93836908e-04  5.90947644e+00 
 5.94836908e-04  6.86250712e+00  5.94836908e-04  6.14258024e+00 
 5.95836908e-04  6.98279580e+00  5.95836908e-04  6.38096835e+00 
 5.96836908e-04  7.10512565e+00  5.96836908e-04  6.62359632e+00 
 5.97836908e-04  7.22901389e+00  5.97836908e-04  6.86938769e+00 
 5.98836908e-04  7.35397159e+00  5.98836908e-04  7.11682879e+00 
 5.99836908e-04  7.47950559e+00  5.99836908e-04  7.36170038e+00 
 6.00836908e-04  7.60512048e+00  6.00836908e-04  7.55683337e+00 
 6.01836908e-04  7.73032050e+00  6.01836908e-04  7.85973855e+00 
 6.02822513e-04  7.85283117e+00  6.02822513e-04  8.11770755e+00 
 6.03822513e-04  7.97574634e+00  6.03822513e-04  8.36569150e+00 
 6.04822513e-04  8.09678395e+00  6.04822513e-04  8.60987521e+00 
 6.05822513e-04  8.21546633e+00  6.05822513e-04  8.84964774e+00 
 6.06822513e-04  8.33132509e+00  6.06822513e-04  9.08372320e+00 
 6.07822513e-04  8.44390299e+00  6.07822513e-04  9.31163375e+00 
 6.08822513e-04  8.55275574e+00  6.08822513e-04  9.53218184e+00 
 6.09822513e-04  8.65745374e+00  6.09822513e-04  9.74483277e+00 
 6.10822513e-04  8.75758379e+00  6.10822513e-04  9.94842402e+00 
 6.11822513e-04  8.85275074e+00  6.11822513e-04  1.01424833e+01 
 6.12822513e-04  8.94257901e+00  6.12822513e-04  1.03259151e+01 
 6.13822513e-04  9.02671407e+00  6.13822513e-04  1.04983259e+01 
 6.14822513e-04  9.10482388e+00  6.14822513e-04  1.06587038e+01 
 6.15822513e-04  9.17660019e+00  6.15822513e-04  1.08067479e+01 
 6.16822513e-04  9.24175973e+00  6.16822513e-04  1.09415428e+01 
 6.17822513e-04  9.30004534e+00  6.17822513e-04  1.10628909e+01 
 6.18822513e-04  9.35122699e+00  6.18822513e-04  1.11699829e+01 
 6.19822513e-04  9.39510269e+00  6.19822513e-04  1.12627335e+01 
 6.20822513e-04  9.43149929e+00  6.20822513e-04  1.13404469e+01 
 6.21822513e-04  9.46027314e+00  6.21822513e-04  1.14031566e+01 
 6.22822513e-04  9.48131069e+00  6.22822513e-04  1.14502852e+01 
 6.23822513e-04  9.49452891e+00  6.23822513e-04  1.14819899e+01 
 6.24822513e-04  9.49987564e+00  6.24822513e-04  1.14978147e+01 
 6.25822513e-04  9.49732977e+00  6.25822513e-04  1.14980429e+01 
 6.26822513e-04  9.48690135e+00  6.26822513e-04  1.14823407e+01 
 6.27822513e-04  9.46863155e+00  6.27822513e-04  1.14511183e+01 
 6.28822513e-04  9.44259245e+00  6.28822513e-04  1.14041630e+01 
 6.29822513e-04  9.40888683e+00  6.29822513e-04  1.13420104e+01 
 6.30822513e-04  9.36764770e+00  6.30822513e-04  1.12645657e+01 
 6.31822513e-04  9.31903782e+00  6.31822513e-04  1.11724867e+01 
 6.32822513e-04  9.26324903e+00  6.32822513e-04  1.10657918e+01 
 6.33822513e-04  9.20050150e+00  6.33822513e-04  1.09452553e+01 
 6.34822513e-04  9.13104287e+00  6.34822513e-04  1.08110030e+01 
 6.35822513e-04  9.05514726e+00  6.35822513e-04  1.06639185e+01 
 6.36822513e-04  8.97311419e+00  6.36822513e-04  1.05042273e+01 
 6.37822513e-04  8.88526742e+00  6.37822513e-04  1.03329138e+01 
 6.38822513e-04  8.79195362e+00  6.38822513e-04  1.01502948e+01 
 6.39822513e-04  8.69354108e+00  6.39822513e-04  9.95744569e+00 
 6.40822513e-04  8.59041817e+00  6.40822513e-04  9.75476621e+00 
 6.41822513e-04  8.48299188e+00  6.41822513e-04  9.54341192e+00 
 6.42822513e-04  8.37168617e+00  6.42822513e-04  9.32385866e+00 
 6.43822513e-04  8.25694032e+00  6.43822513e-04  9.09733306e+00 
 6.44822513e-04  8.13920717e+00  6.44822513e-04  8.86438656e+00 
 6.45822513e-04  8.01895135e+00  6.45822513e-04  8.62631846e+00 
 6.46822513e-04  7.89664748e+00  6.46822513e-04  8.38378952e+00 
 6.47822513e-04  7.77277822e+00  6.47822513e-04  8.13829743e+00 
 6.48822513e-04  7.64783242e+00  6.48822513e-04  7.89097183e+00 
 6.49822513e-04  7.52230320e+00  6.49822513e-04  7.64595706e+00 
 6.50822513e-04  7.39668596e+00  6.50822513e-04  7.45118788e+00 
 6.51822513e-04  7.27147646e+00  6.51822513e-04  7.15647837e+00 
 6.52822513e-04  7.14716883e+00  6.52822513e-04  6.89059475e+00 
 6.53822513e-04  7.02425366e+00  6.53822513e-04  6.64148736e+00 
 6.54822513e-04  6.90321605e+00  6.54822513e-04  6.39642938e+00 
 6.55822513e-04  6.78453367e+00  6.55822513e-04  6.15737798e+00 
 6.56822513e-04  6.66867491e+00  6.56822513e-04  5.92289044e+00 
 6.57822513e-04  6.55609701e+00  6.57822513e-04  5.69477053e+00 
 6.58822513e-04  6.44724426e+00  6.58822513e-04  5.47386112e+00 
 6.59822513e-04  6.34254626e+00  6.59822513e-04  5.26092961e+00 
 6.60822513e-04  6.24241621e+00  6.60822513e-04  5.05695661e+00 
 6.61822513e-04  6.14724926e+00  6.61822513e-04  4.86258853e+00 
 6.62822513e-04  6.05742099e+00  6.62822513e-04  4.67877541e+00 
 6.63822513e-04  5.97328593e+00  6.63822513e-04  4.50605352e+00 
 6.64822513e-04  5.89517612e+00  6.64822513e-04  4.34530307e+00 
 6.65822513e-04  5.82339981e+00  6.65822513e-04  4.19696488e+00 
 6.66822513e-04  5.75824027e+00  6.66822513e-04  4.06182076e+00 
 6.67822513e-04  5.69995466e+00  6.67822513e-04  3.94021106e+00 
 6.68822513e-04  5.64877301e+00  6.68822513e-04  3.83280412e+00 
 6.69822513e-04  5.60489731e+00  6.69822513e-04  3.73983602e+00 
 6.70822513e-04  5.56850071e+00  6.70822513e-04  3.66184993e+00 
 6.71822513e-04  5.53972686e+00  6.71822513e-04  3.59897522e+00 
 6.72822513e-04  5.51868931e+00  6.72822513e-04  3.55162111e+00 
 6.73822513e-04  5.50547109e+00  6.73822513e-04  3.51980921e+00 
 6.74822513e-04  5.50012436e+00  6.74822513e-04  3.50380876e+00 
 6.75822513e-04  5.50267023e+00  6.75822513e-04  3.50353403e+00 
 6.76822513e-04  5.51309865e+00  6.76822513e-04  3.51911097e+00 
 6.77822513e-04  5.53136845e+00  6.77822513e-04  3.55034811e+00 
 6.78822513e-04  5.55740755e+00  6.78822513e-04  3.59722747e+00 
 6.79822513e-04  5.59111317e+00  6.79822513e-04  3.65945482e+00 
 6.80822513e-04  5.63235230e+00  6.80822513e-04  3.73687010e+00 
 6.81822513e-04  5.68096218e+00  6.81822513e-04  3.82908052e+00 
 6.82822513e-04  5.73675097e+00  6.82822513e-04  3.93578821e+00 
 6.83822513e-04  5.79949850e+00  6.83822513e-04  4.05650716e+00 
 6.84822513e-04  5.86895713e+00  6.84822513e-04  4.19080822e+00 
 6.85822513e-04  5.94485274e+00  6.85822513e-04  4.33811858e+00 
 6.86822513e-04  6.02688581e+00  6.86822513e-04  4.49788620e+00 
 6.87822513e-04  6.11473258e+00  6.87822513e-04  4.66945884e+00 
 6.88822513e-04  6.20804638e+00  6.88822513e-04  4.85217152e+00 
 6.89822513e-04  6.30645892e+00  6.89822513e-04  5.04530058e+00 
 6.90822513e-04  6.40958183e+00  6.90822513e-04  5.24807895e+00 
 6.91822513e-04  6.51700812e+00  6.91822513e-04  5.45971957e+00 
 6.92822513e-04  6.62831383e+00  6.92822513e-04  5.67936358e+00 
 6.93822513e-04  6.74305968e+00  6.93822513e-04  5.90616672e+00 
 6.94822513e-04  6.86079283e+00  6.94822513e-04  6.13918328e+00 
 6.95822513e-04  6.98104865e+00  6.95822513e-04  6.37750648e+00 
 6.96822513e-04  7.10335252e+00  6.96822513e-04  6.62007721e+00 
 6.97822513e-04  7.22722178e+00  6.97822513e-04  6.86583514e+00 
 6.98822513e-04  7.35216758e+00  6.98822513e-04  7.11326454e+00 
 6.99822513e-04  7.47769680e+00  6.99822513e-04  7.35824749e+00 
 7.00822513e-04  7.60331404e+00  7.00822513e-04  7.55364477e+00 
 7.01822513e-04  7.72852354e+00  7.01822513e-04  7.85561073e+00 
 7.02815480e-04  7.85196116e+00  7.02815480e-04  8.11596105e+00 
 7.03815480e-04  7.97488782e+00  7.03815480e-04  8.36398204e+00 
 7.04815480e-04  8.09594032e+00  7.04815480e-04  8.60816737e+00 
 7.05815480e-04  8.21464091e+00  7.05815480e-04  8.84798394e+00 
 7.06815480e-04  8.33052114e+00  7.06815480e-04  9.08209245e+00 
 7.07815480e-04  8.44312368e+00  7.07815480e-04  9.31006020e+00 
 7.08815480e-04  8.55200415e+00  7.08815480e-04  9.53065219e+00 
 7.09815480e-04  8.65673283e+00  7.09815480e-04  9.74337271e+00 
 7.10815480e-04  8.75689642e+00  7.10815480e-04  9.94701929e+00 
 7.11815480e-04  8.85209961e+00  7.11815480e-04  1.01411597e+01 
 7.12815480e-04  8.94196669e+00  7.12815480e-04  1.03246574e+01 
 7.13815480e-04  9.02614298e+00  7.13815480e-04  1.04971596e+01 
 7.14815480e-04  9.10429628e+00  7.14815480e-04  1.06576129e+01 
 7.15815480e-04  9.17611815e+00  7.15815480e-04  1.08057574e+01 
 7.16815480e-04  9.24132516e+00  7.16815480e-04  1.09406358e+01 
 7.17815480e-04  9.29965994e+00  7.17815480e-04  1.10620918e+01 
 7.18815480e-04  9.35089230e+00  7.18815480e-04  1.11692740e+01 
 7.19815480e-04  9.39482002e+00  7.19815480e-04  1.12621384e+01 
 7.20815480e-04  9.43126976e+00  7.20815480e-04  1.13399471e+01 
 7.21815480e-04  9.46009766e+00  7.21815480e-04  1.14027748e+01 
 7.22815480e-04  9.48118995e+00  7.22815480e-04  1.14500022e+01 
 7.23815480e-04  9.49446339e+00  7.23815480e-04  1.14818274e+01 
 7.24815480e-04  9.49986559e+00  7.24815480e-04  1.14977526e+01 
 7.25815480e-04  9.49737523e+00  7.25815480e-04  1.14981020e+01 
 7.26815480e-04  9.48700215e+00  7.26815480e-04  1.14825003e+01 
 7.27815480e-04  9.46878728e+00  7.27815480e-04  1.14513980e+01 
 7.28815480e-04  9.44280250e+00  7.28815480e-04  1.14045415e+01 
 7.29815480e-04  9.40915037e+00  7.29815480e-04  1.13425062e+01 
 7.30815480e-04  9.36796370e+00  7.30815480e-04  1.12651569e+01 
 7.31815480e-04  9.31940502e+00  7.31815480e-04  1.11731906e+01 
 7.32815480e-04  9.26366599e+00  7.32815480e-04  1.10665861e+01 
 7.33815480e-04  9.20096657e+00  7.33815480e-04  1.09461563e+01 
 7.34815480e-04  9.13155422e+00  7.34815480e-04  1.08119878e+01 
 7.35815480e-04  9.05570286e+00  7.35815480e-04  1.06650024e+01 
 7.36815480e-04  8.97371186e+00  7.36815480e-04  1.05053870e+01 
 7.37815480e-04  8.88590479e+00  7.37815480e-04  1.03341635e+01 
 7.38815480e-04  8.79262818e+00  7.38815480e-04  1.01516112e+01 
 7.39815480e-04  8.69425017e+00  7.39815480e-04  9.95884173e+00 
 7.40815480e-04  8.59115899e+00  7.40815480e-04  9.75621847e+00 
 7.41815480e-04  8.48376151e+00  7.41815480e-04  9.54493235e+00 
 7.42815480e-04  8.37248157e+00  7.42815480e-04  9.32542394e+00 
 7.43815480e-04  8.25775834e+00  7.43815480e-04  9.09895384e+00 
 7.44815480e-04  8.14004459e+00  7.44815480e-04  8.86603995e+00 
 7.45815480e-04  8.01980487e+00  7.45815480e-04  8.62801336e+00 
 7.46815480e-04  7.89751373e+00  7.46815480e-04  8.38550367e+00 
 7.47815480e-04  7.77365377e+00  7.47815480e-04  8.14003541e+00 
 7.48815480e-04  7.64871383e+00  7.48815480e-04  7.89270962e+00 
 7.49815480e-04  7.52318699e+00  7.49815480e-04  7.64764056e+00 
 7.50815480e-04  7.39756864e+00  7.50815480e-04  7.45270234e+00 
 7.51815480e-04  7.27235453e+00  7.51815480e-04  7.15850803e+00 
 7.52815480e-04  7.14803884e+00  7.52815480e-04  6.89236891e+00 
 7.53815480e-04  7.02511218e+00  7.53815480e-04  6.64322028e+00 
 7.54815480e-04  6.90405968e+00  7.54815480e-04  6.39811699e+00 
 7.55815480e-04  6.78535909e+00  7.55815480e-04  6.15905063e+00 
 7.56815480e-04  6.66947886e+00  7.56815480e-04  5.92451642e+00 
 7.57815480e-04  6.55687632e+00  7.57815480e-04  5.69635391e+00 
 7.58815480e-04  6.44799585e+00  7.58815480e-04  5.47538599e+00 
 7.59815480e-04  6.34326717e+00  7.59815480e-04  5.26239999e+00 
 7.60815480e-04  6.24310358e+00  7.60815480e-04  5.05835708e+00 
 7.61815480e-04  6.14790039e+00  7.61815480e-04  4.86392341e+00 
 7.62815480e-04  6.05803331e+00  7.62815480e-04  4.68002862e+00 
 7.63815480e-04  5.97385702e+00  7.63815480e-04  4.50723107e+00 
 7.64815480e-04  5.89570372e+00  7.64815480e-04  4.34638923e+00 
 7.65815480e-04  5.82388185e+00  7.65815480e-04  4.19796649e+00 
 7.66815480e-04  5.75867484e+00  7.66815480e-04  4.06272269e+00 
 7.67815480e-04  5.70034006e+00  7.67815480e-04  3.94102096e+00 
 7.68815480e-04  5.64910770e+00  7.68815480e-04  3.83350762e+00 
 7.69815480e-04  5.60517998e+00  7.69815480e-04  3.74044155e+00 
 7.70815480e-04  5.56873024e+00  7.70815480e-04  3.66234399e+00 
 7.71815480e-04  5.53990234e+00  7.71815480e-04  3.59936700e+00 
 7.72815480e-04  5.51881005e+00  7.72815480e-04  3.55189804e+00 
 7.73815480e-04  5.50553661e+00  7.73815480e-04  3.51998126e+00 
 7.74815480e-04  5.50013441e+00  7.74815480e-04  3.50386438e+00 
 7.75815480e-04  5.50262477e+00  7.75815480e-04  3.50348390e+00 
 7.76815480e-04  5.51299785e+00  7.76815480e-04  3.51894457e+00 
 7.77815480e-04  5.53121272e+00  7.77815480e-04  3.55007684e+00 
 7.78815480e-04  5.55719750e+00  7.78815480e-04  3.59684186e+00 
 7.79815480e-04  5.59084963e+00  7.79815480e-04  3.65896694e+00 
 7.80815480e-04  5.63203630e+00  7.80815480e-04  3.73627153e+00 
 7.81815480e-04  5.68059498e+00  7.81815480e-04  3.82838394e+00 
 7.82815480e-04  5.73633401e+00  7.82815480e-04  3.93498623e+00 
 7.83815480e-04  5.79903343e+00  7.83815480e-04  4.05561305e+00 
 7.84815480e-04  5.86844578e+00  7.84815480e-04  4.18981557e+00 
 7.85815480e-04  5.94429714e+00  7.85815480e-04  4.33704116e+00 
 7.86815480e-04  6.02628814e+00  7.86815480e-04  4.49671856e+00 
 7.87815480e-04  6.11409521e+00  7.87815480e-04  4.66821515e+00 
 7.88815480e-04  6.20737182e+00  7.88815480e-04  4.85084730e+00 
 7.89815480e-04  6.30574983e+00  7.89815480e-04  5.04391026e+00 
 7.90815480e-04  6.40884101e+00  7.90815480e-04  5.24661900e+00 
 7.91815480e-04  6.51623849e+00  7.91815480e-04  5.45820455e+00 
 7.92815480e-04  6.62751843e+00  7.92815480e-04  5.67779101e+00 
 7.93815480e-04  6.74224166e+00  7.93815480e-04  5.90455100e+00 
 7.94815480e-04  6.85995541e+00  7.94815480e-04  6.13752325e+00 
 7.95815480e-04  6.98019513e+00  7.95815480e-04  6.37581611e+00 
 7.96815480e-04  7.10248627e+00  7.96815480e-04  6.61835754e+00 
 7.97815480e-04  7.22634623e+00  7.97815480e-04  6.86409998e+00 
 7.98815480e-04  7.35128617e+00  7.98815480e-04  7.11152295e+00 
 7.99815480e-04  7.47681301e+00  7.99815480e-04  7.35655691e+00 
 8.00815480e-04  7.60243136e+00  8.00815480e-04  7.55211231e+00 
 8.01815480e-04  7.72764547e+00  8.01815480e-04  7.85357632e+00 
 8.02812485e-04  7.85159068e+00  8.02812485e-04  8.11522107e+00 
 8.03812485e-04  7.97452223e+00  8.03812485e-04  8.36325854e+00 
 8.04812485e-04  8.09558105e+00  8.04812485e-04  8.60743895e+00 
 8.05812485e-04  8.21428939e+00  8.05812485e-04  8.84727635e+00 
 8.06812485e-04  8.33017876e+00  8.06812485e-04  9.08139657e+00 
 8.07812485e-04  8.44279179e+00  8.07812485e-04  9.30939135e+00 
 8.08812485e-04  8.55168405e+00  8.08812485e-04  9.52999928e+00 
 8.09812485e-04  8.65642579e+00  8.09812485e-04  9.74275224e+00 
 8.10812485e-04  8.75660365e+00  8.10812485e-04  9.94641947e+00 
 8.11812485e-04  8.85182227e+00  8.11812485e-04  1.01405973e+01 
 8.12812485e-04  8.94170587e+00  8.12812485e-04  1.03241201e+01 
 8.13812485e-04  9.02589971e+00  8.13812485e-04  1.04966642e+01 
 8.14812485e-04  9.10407152e+00  8.14812485e-04  1.06571466e+01 
 8.15812485e-04  9.17591279e+00  8.15812485e-04  1.08053369e+01 
 8.16812485e-04  9.24114001e+00  8.16812485e-04  1.09402478e+01 
 8.17812485e-04  9.29949573e+00  8.17812485e-04  1.10617528e+01 
 8.18812485e-04  9.35074967e+00  8.18812485e-04  1.11689703e+01 
 8.19812485e-04  9.39469955e+00  8.19812485e-04  1.12618863e+01 
 8.20812485e-04  9.43117191e+00  8.20812485e-04  1.13397325e+01 
 8.21812485e-04  9.46002282e+00  8.21812485e-04  1.14026135e+01 
 8.22812485e-04  9.48113842e+00  8.22812485e-04  1.14498798e+01 
 8.23812485e-04  9.49443537e+00  8.23812485e-04  1.14817594e+01 
 8.24812485e-04  9.49986119e+00  8.24812485e-04  1.14977243e+01 
 8.25812485e-04  9.49739447e+00  8.25812485e-04  1.14981284e+01 
 8.26812485e-04  9.48704495e+00  8.26812485e-04  1.14825664e+01 
 8.27812485e-04  9.46885347e+00  8.27812485e-04  1.14515183e+01 
 8.28812485e-04  9.44289183e+00  8.28812485e-04  1.14047009e+01 
 8.29812485e-04  9.40926248e+00  8.29812485e-04  1.13427185e+01 
 8.30812485e-04  9.36809814e+00  8.30812485e-04  1.12654069e+01 
 8.31812485e-04  9.31956127e+00  8.31812485e-04  1.11734916e+01 
 8.32812485e-04  9.26384343e+00  8.32812485e-04  1.10669226e+01 
 8.33812485e-04  9.20116450e+00  8.33812485e-04  1.09465412e+01 
 8.34812485e-04  9.13177185e+00  8.34812485e-04  1.08124055e+01 
 8.35812485e-04  9.05593935e+00  8.35812485e-04  1.06654651e+01 
 8.36812485e-04  8.97396626e+00  8.36812485e-04  1.05058792e+01 
 8.37812485e-04  8.88617610e+00  8.37812485e-04  1.03346969e+01 
 8.38812485e-04  8.79291534e+00  8.38812485e-04  1.01521701e+01 
 8.39812485e-04  8.69455203e+00  8.39812485e-04  9.95943733e+00 
 8.40812485e-04  8.59147437e+00  8.40812485e-04  9.75683539e+00 
 8.41812485e-04  8.48408916e+00  8.41812485e-04  9.54558087e+00 
 8.42812485e-04  8.37282020e+00  8.42812485e-04  9.32608908e+00 
 8.43812485e-04  8.25810662e+00  8.43812485e-04  9.09964501e+00 
 8.44812485e-04  8.14040113e+00  8.44812485e-04  8.86674279e+00 
 8.45812485e-04  8.02016828e+00  8.45812485e-04  8.62873594e+00 
 8.46812485e-04  7.89788256e+00  8.46812485e-04  8.38623264e+00 
 8.47812485e-04  7.77402658e+00  8.47812485e-04  8.14077592e+00 
 8.48812485e-04  7.64908914e+00  8.48812485e-04  7.89344980e+00 
 8.49812485e-04  7.52356331e+00  8.49812485e-04  7.64835546e+00 
 8.50812485e-04  7.39794449e+00  8.50812485e-04  7.45335406e+00 
 8.51812485e-04  7.27272844e+00  8.51812485e-04  7.15936844e+00 
 8.52812485e-04  7.14840932e+00  8.52812485e-04  6.89312499e+00 
 8.53812485e-04  7.02547777e+00  8.53812485e-04  6.64395955e+00 
 8.54812485e-04  6.90441895e+00  8.54812485e-04  6.39883532e+00 
 8.55812485e-04  6.78571061e+00  8.55812485e-04  6.15976373e+00 
 8.56812485e-04  6.66982124e+00  8.56812485e-04  5.92520838e+00 
 8.57812485e-04  6.55720821e+00  8.57812485e-04  5.69702922e+00 
 8.58812485e-04  6.44831595e+00  8.58812485e-04  5.47603478e+00 
 8.59812485e-04  6.34357421e+00  8.59812485e-04  5.26302730e+00 
 8.60812485e-04  6.24339635e+00  8.60812485e-04  5.05895306e+00 
 8.61812485e-04  6.14817773e+00  8.61812485e-04  4.86449330e+00 
 8.62812485e-04  6.05829413e+00  8.62812485e-04  4.68056183e+00 
 8.63812485e-04  5.97410029e+00  8.63812485e-04  4.50773398e+00 
 8.64812485e-04  5.89592848e+00  8.64812485e-04  4.34685127e+00 
 8.65812485e-04  5.82408721e+00  8.65812485e-04  4.19839451e+00 
 8.66812485e-04  5.75885999e+00  8.66812485e-04  4.06310627e+00 
 8.67812485e-04  5.70050427e+00  8.67812485e-04  3.94136736e+00 
 8.68812485e-04  5.64925033e+00  8.68812485e-04  3.83380669e+00 
 8.69812485e-04  5.60530045e+00  8.69812485e-04  3.74070091e+00 
 8.70812485e-04  5.56882809e+00  8.70812485e-04  3.66255386e+00 
 8.71812485e-04  5.53997718e+00  8.71812485e-04  3.59953533e+00 
 8.72812485e-04  5.51886158e+00  8.72812485e-04  3.55201546e+00 
 8.73812485e-04  5.50556463e+00  8.73812485e-04  3.52005602e+00 
 8.74812485e-04  5.50013881e+00  8.74812485e-04  3.50388755e+00 
 8.75812485e-04  5.50260553e+00  8.75812485e-04  3.50346402e+00 
 8.76812485e-04  5.51295505e+00  8.76812485e-04  3.51887319e+00 
 8.77812485e-04  5.53114653e+00  8.77812485e-04  3.54996278e+00 
 8.78812485e-04  5.55710817e+00  8.78812485e-04  3.59667713e+00 
 8.79812485e-04  5.59073752e+00  8.79812485e-04  3.65876061e+00 
 8.80812485e-04  5.63190186e+00  8.80812485e-04  3.73601611e+00 
 8.81812485e-04  5.68043873e+00  8.81812485e-04  3.82808870e+00 
 8.82812485e-04  5.73615657e+00  8.82812485e-04  3.93464419e+00 
 8.83812485e-04  5.79883550e+00  8.83812485e-04  4.05523366e+00 
 8.84812485e-04  5.86822815e+00  8.84812485e-04  4.18939233e+00 
 8.85812485e-04  5.94406065e+00  8.85812485e-04  4.33658365e+00 
 8.86812485e-04  6.02603374e+00  8.86812485e-04  4.49622081e+00 
 8.87812485e-04  6.11382390e+00  8.87812485e-04  4.66768679e+00 
 8.88812485e-04  6.20708466e+00  8.88812485e-04  4.85028288e+00 
 8.89812485e-04  6.30544797e+00  8.89812485e-04  5.04331939e+00 
 8.90812485e-04  6.40852563e+00  8.90812485e-04  5.24599681e+00 
 8.91812485e-04  6.51591084e+00  8.91812485e-04  5.45756049e+00 
 8.92812485e-04  6.62717980e+00  8.92812485e-04  5.67712090e+00 
 8.93812485e-04  6.74189338e+00  8.93812485e-04  5.90386393e+00 
 8.94812485e-04  6.85959887e+00  8.94812485e-04  6.13681599e+00 
 8.95812485e-04  6.97983172e+00  8.95812485e-04  6.37509705e+00 
 8.96812485e-04  7.10211744e+00  8.96812485e-04  6.61762507e+00 
 8.97812485e-04  7.22597342e+00  8.97812485e-04  6.86336150e+00 
 8.98812485e-04  7.35091086e+00  8.98812485e-04  7.11078155e+00 
 8.99812485e-04  7.47643669e+00  8.99812485e-04  7.35583461e+00 
 9.00812485e-04  7.60205551e+00  9.00812485e-04  7.55147270e+00 
 9.01812485e-04  7.72727156e+00  9.01812485e-04  7.85270258e+00 
 9.02811431e-04  7.85146036e+00  9.02811431e-04  8.11496281e+00 
 9.03811431e-04  7.97439363e+00  9.03811431e-04  8.36300625e+00 
 9.04811431e-04  8.09545468e+00  9.04811431e-04  8.60718188e+00 
 9.05811431e-04  8.21416574e+00  9.05811431e-04  8.84702831e+00 
 9.06811431e-04  8.33005832e+00  9.06811431e-04  9.08115062e+00 
 9.07811431e-04  8.44267504e+00  9.07811431e-04  9.30915715e+00 
 9.08811431e-04  8.55157145e+00  9.08811431e-04  9.52976836e+00 
 9.09811431e-04  8.65631779e+00  9.09811431e-04  9.74253513e+00 
 9.10811431e-04  8.75650067e+00  9.10811431e-04  9.94620716e+00 
 9.11811431e-04  8.85172471e+00  9.11811431e-04  1.01404007e+01 
 9.12811431e-04  8.94161412e+00  9.12811431e-04  1.03239297e+01 
 9.13811431e-04  9.02581413e+00  9.13811431e-04  1.04964913e+01 
 9.14811431e-04  9.10399245e+00  9.14811431e-04  1.06569812e+01 
 9.15811431e-04  9.17584055e+00  9.15811431e-04  1.08051903e+01 
 9.16811431e-04  9.24107487e+00  9.16811431e-04  1.09401099e+01 
 9.17811431e-04  9.29943796e+00  9.17811431e-04  1.10616348e+01 
 9.18811431e-04  9.35069949e+00  9.18811431e-04  1.11688621e+01 
 9.19811431e-04  9.39465716e+00  9.19811431e-04  1.12617989e+01 
 9.20811431e-04  9.43113748e+00  9.20811431e-04  1.13396555e+01 
 9.21811431e-04  9.45999648e+00  9.21811431e-04  1.14025580e+01 
 9.22811431e-04  9.48112028e+00  9.22811431e-04  1.14498353e+01 
 9.23811431e-04  9.49442549e+00  9.23811431e-04  1.14817367e+01 
 9.24811431e-04  9.49985962e+00  9.24811431e-04  1.14977130e+01 
 9.25811431e-04  9.49740122e+00  9.25811431e-04  1.14981389e+01 
 9.26811431e-04  9.48705999e+00  9.26811431e-04  1.14825883e+01 
 9.27811431e-04  9.46887674e+00  9.27811431e-04  1.14515619e+01 
 9.28811431e-04  9.44292323e+00  9.28811431e-04  1.14047555e+01 
 9.29811431e-04  9.40930189e+00  9.29811431e-04  1.13427944e+01 
 9.30811431e-04  9.36814541e+00  9.30811431e-04  1.12654934e+01 
 9.31811431e-04  9.31961622e+00  9.31811431e-04  1.11735987e+01 
 9.32811431e-04  9.26390583e+00  9.32811431e-04  1.10670397e+01 
 9.33811431e-04  9.20123411e+00  9.33811431e-04  1.09466777e+01 
 9.34811431e-04  9.13184839e+00  9.34811431e-04  1.08125511e+01 
 9.35811431e-04  9.05602252e+00  9.35811431e-04  1.06656290e+01 
 9.36811431e-04  8.97405573e+00  9.36811431e-04  1.05060511e+01 
 9.37811431e-04  8.88627152e+00  9.37811431e-04  1.03348856e+01 
 9.38811431e-04  8.79301634e+00  9.38811431e-04  1.01523655e+01 
 9.39811431e-04  8.69465820e+00  9.39811431e-04  9.95964791e+00 
 9.40811431e-04  8.59158530e+00  9.40811431e-04  9.75705121e+00 
 9.41811431e-04  8.48420440e+00  9.41811431e-04  9.54580999e+00 
 9.42811431e-04  8.37293931e+00  9.42811431e-04  9.32632197e+00 
 9.43811431e-04  8.25822912e+00  9.43811431e-04  9.09988902e+00 
 9.44811431e-04  8.14052654e+00  9.44811431e-04  8.86698907e+00 
 9.45811431e-04  8.02029610e+00  9.45811431e-04  8.62899082e+00 
 9.46811431e-04  7.89801229e+00  9.46811431e-04  8.38648838e+00 
 9.47811431e-04  7.77415771e+00  9.47811431e-04  8.14103663e+00 
 9.48811431e-04  7.64922115e+00  9.48811431e-04  7.89371067e+00 
 9.49811431e-04  7.52369568e+00  9.49811431e-04  7.64860418e+00 
 9.50811431e-04  7.39807670e+00  9.50811431e-04  7.45359376e+00 
 9.51811431e-04  7.27285996e+00  9.51811431e-04  7.15966476e+00 
 9.52811431e-04  7.14853964e+00  9.52811431e-04  6.89339179e+00 
 9.53811431e-04  7.02560637e+00  9.53811431e-04  6.64454321e+00 
 9.54811431e-04  6.90454532e+00  9.54811431e-04  6.39999554e+00 
 9.55811431e-04  6.78583426e+00  9.55811431e-04  6.15994752e+00 
 9.56811431e-04  6.66994168e+00  9.56811431e-04  5.92547336e+00 
 9.57811431e-04  6.55732496e+00  9.57811431e-04  5.69726687e+00 
 9.58811431e-04  6.44842855e+00  9.58811431e-04  5.47626524e+00 
 9.59811431e-04  6.34368221e+00  9.59811431e-04  5.26324843e+00 
 9.60811431e-04  6.24349933e+00  9.60811431e-04  5.05916264e+00 
 9.61811431e-04  6.14827529e+00  9.61811431e-04  4.86469463e+00 
 9.62811431e-04  6.05838588e+00  9.62811431e-04  4.68074911e+00 
 9.63811431e-04  5.97418587e+00  9.63811431e-04  4.50791171e+00 
 9.64811431e-04  5.89600755e+00  9.64811431e-04  4.34701346e+00 
 9.65811431e-04  5.82415945e+00  9.65811431e-04  4.19854590e+00 
 9.66811431e-04  5.75892513e+00  9.66811431e-04  4.06324084e+00 
 9.67811431e-04  5.70056204e+00  9.67811431e-04  3.94149004e+00 
 9.68811431e-04  5.64930051e+00  9.68811431e-04  3.83391150e+00 
 9.69811431e-04  5.60534284e+00  9.69811431e-04  3.74079298e+00 
 9.70811431e-04  5.56886252e+00  9.70811431e-04  3.66262728e+00 
 9.71811431e-04  5.54000352e+00  9.71811431e-04  3.59959537e+00 
 9.72811431e-04  5.51887972e+00  9.72811431e-04  3.55205633e+00 
 9.73811431e-04  5.50557451e+00  9.73811431e-04  3.52008314e+00 
 9.74811431e-04  5.50014038e+00  9.74811431e-04  3.50389526e+00 
 9.75811431e-04  5.50259878e+00  9.75811431e-04  3.50345785e+00 
 9.76811431e-04  5.51294001e+00  9.76811431e-04  3.51884764e+00 
 9.77811431e-04  5.53112326e+00  9.77811431e-04  3.54992346e+00 
 9.78811431e-04  5.55707677e+00  9.78811431e-04  3.59661874e+00 
 9.79811431e-04  5.59069811e+00  9.79811431e-04  3.65868882e+00 
 9.80811431e-04  5.63185459e+00  9.80811431e-04  3.73592581e+00 
 9.81811431e-04  5.68038378e+00  9.81811431e-04  3.82798563e+00 
 9.82811431e-04  5.73609417e+00  9.82811431e-04  3.93452343e+00 
 9.83811431e-04  5.79876589e+00  9.83811431e-04  4.05510096e+00 
 9.84811431e-04  5.86815161e+00  9.84811431e-04  4.18924302e+00 
 9.85811431e-04  5.94397748e+00  9.85811431e-04  4.33642345e+00 
 9.86811431e-04  6.02594427e+00  9.86811431e-04  4.49604530e+00 
 9.87811431e-04  6.11372848e+00  9.87811431e-04  4.66750163e+00 
 9.88811431e-04  6.20698366e+00  9.88811431e-04  4.85008395e+00 
 9.89811431e-04  6.30534180e+00  9.89811431e-04  5.04311219e+00 
 9.90811431e-04  6.40841470e+00  9.90811431e-04  5.24577761e+00 
 9.91811431e-04  6.51579560e+00  9.91811431e-04  5.45733451e+00 
 9.92811431e-04  6.62706069e+00  9.92811431e-04  5.67688491e+00 
 9.93811431e-04  6.74177088e+00  9.93811431e-04  5.90362272e+00 
 9.94811431e-04  6.85947346e+00  9.94811431e-04  6.13656703e+00 
 9.95811431e-04  6.97970390e+00  9.95811431e-04  6.37484445e+00 
 9.96811431e-04  7.10198771e+00  9.96811431e-04  6.61736744e+00 
 9.97811431e-04  7.22584229e+00  9.97811431e-04  6.86310178e+00 
 9.98811431e-04  7.35077885e+00  9.98811431e-04  7.11052117e+00 
 9.99811431e-04  7.47630432e+00  9.99811431e-04  7.35557851e+00 
 1.00000000e-03  7.50000000e+00  1.00000000e-03  7.39949453e+00 
